    0,   2.8010,   9.4808,  21.1378,  -6.1673,  19.1695, 8649.0000, 906.9000, 8648.0000, 1371.0000, 7851.2500,   803 
    1,   2.8050,  13.3492,  14.0650,  -8.2504,  13.0851,   0.0000, 941.3000,   0.0000, 1530.0000, 6886.3300,   803 
    2,   2.8090,  15.8819,  24.6440, -10.9431,  35.8099, 133.5000,  44.0400, 134.1000,  75.9400, 6928.0300,   803 
    3,   2.8130,   9.2774,  21.1585,  -3.1080,  37.3398,  41.5300,  33.7100,  42.2300, 130.1000, 8468.7900,   803 
    4,   2.8170,   4.8940,  13.5849,   1.0435,  64.2132,   1.7310,   8.5800,   2.0360,  88.4900, 6202.2800,   803 
    5,   2.8210,   8.3728,  25.7641,  -3.9752,  28.4332, 7129.0000, 1125.0000, 7130.0000, 2425.0000, 6727.0600,   803 
    6,   2.8250,   0.0000,   6.7017,  -1.2700,   0.0000,   0.0000,   0.0000,   0.0000,   0.0000, 6727.0600,   803 
    7,   2.8290,   0.0000,   2.7079,   0.0000,   0.0000,   0.0000,   0.0000,   0.0000,   0.0000, 6727.0600,   803 
    8,   2.8330,   5.2113,   7.0087,   0.8443, 155.1610,   2.1840,   3.9220,   0.5220, 171.5000, 8030.9600,   803 
    9,   2.8370,   5.1320,  30.5900,  -1.5469,  28.5759,   0.0000, 4332.0000,   0.0000,   0.0000, 6904.2300,   803 
   10,   2.8410,  12.5330,  37.4761,  -9.2566,  38.9988,   0.0000, 7465.0000,   0.0000, 9845.0000, 6553.0400,   803 
   12,   2.8490,  11.3196,  20.3914,  -7.0252,  19.9514,   0.0000,   0.0000,   0.0000,   0.0000, 8138.0700,   803 
   13,   2.8530,  11.2713,  19.6495,  -6.6183,  22.1073, 4315.0000, 465.0000, 4315.0000, 814.7000, 6219.7500,   803 
   14,   2.8570,   7.7682,  18.7974,  -2.2781,  21.7658, 2484.0000, 466.6000, 2485.0000, 1659.0000, 7422.7200,   803 
   15,   2.8610,  12.6802,  27.9350,  -8.1949,  26.8799,   1.3900, 5685.0000,   1.3900, 9108.0000, 9076.1800,   803 
   16,   2.8650,   8.5932,  35.5259,  -5.3061,  55.4151, 110.3000, 112.0000, 110.9000, 246.9000, 8019.7300,   803 
   17,   2.8690,   4.6678,  19.5085,  -0.2460,  79.1928,   2.8940,  15.6700,   3.3340, 732.0000, 7609.3500,   803 
   18,   2.8730,  10.9524,  24.7758,  -5.8222,  29.9652, 1057.0000, 242.8000, 1058.0000, 491.8000, 7632.0900,   803 
   19,   2.8770,  15.2968,  16.9303, -10.0824,  17.6526,   1.1500, 2760.0000,   1.1500, 4051.0000, 7095.8400,   803 
   20,   2.8810,   5.7859,  24.4773,  -1.8550,  25.3798,   0.0000,   0.0000,   0.0000,   0.0000, 5683.6900,   803 
   21,   2.8850,  15.1741,  20.1199,  -9.6476,  20.7832,   0.0000, 4670.0000,   0.0000, 6992.0000, 6178.6200,   803 
   22,   2.8890,  13.8657,  28.0306,  -8.7759,  40.8808, 141.9000,  60.8900, 142.5000, 117.1000, 7604.8300,   803 
   23,   2.8930,  10.9354,  28.5517,  -7.0081,  37.7502, 351.5000, 139.6000, 352.1000, 250.0000, 7865.2700,   803 
   24,   2.8970,   6.0473,  20.3488,  -1.4050,   3.0609,   2.2340,   5.6280,   7.4410,  18.8200, 6648.3300,   803 
   25,   2.9010,   5.9248,  11.7518,  -0.6082,  98.8089,   1.2740,   5.2220,   1.0450, 182.6000, 7264.1200,   803 
   26,   2.9050,   3.3435,  12.7728,   1.1043,  78.3132,   1.2670,  10.0100,   1.3480,  82.1100, 5846.0900,   803 
   27,   2.9090,   3.7264,  18.7257,   0.5055,  73.6046,   2.6190,  16.8800,   3.0170, 286.7000, 5874.3700,   803 
   28,   2.9130,   5.3906,   9.7789,   0.9216,  60.3969,   1.5920,   5.9040,   1.4740,  77.6700, 7352.3700,   803 
   29,   2.9170,   6.4384,  17.9940,  -1.3079, 131.7050,   1.3310,   7.5780,   1.5300, 178.2000, 7605.5900,   803 
   30,   2.9210,   7.2861,  13.4841,  -0.0489, 146.2920,   1.0610,   4.1500,   0.8557, 3659.0000, 6471.4400,   803 
   31,   2.9250,   5.7278,  22.5346,  -0.8603, 123.6990,   2.0230,  12.0600,   2.3660, 330.4000, 6731.3300,   803 
   32,   2.9290,   8.1126,  10.3445,  -0.1196,  57.9715,   1.5130,   3.9410,   1.5620, 574.6000, 6283.5000,   803 
   33,   2.9330,   9.4944,  24.0316,  -3.8819,  21.5216, 5228.0000, 701.5000, 5227.0000, 1672.0000, 6606.0200,   803 
   35,   2.9410,  13.9720,  19.5858,  -7.1137,  14.7180, 384.0000,  71.0700, 382.9000, 127.1000, 7956.9600,   803 
   36,   2.9450,  14.6688,  16.3357,  -8.4777,  18.4875, 4611.0000, 334.5000, 4612.0000, 595.3000, 7776.4500,   803 
   37,   2.9490,   9.0622,  23.0908,  -5.4144,  23.7241,   0.0000,   0.0000,   0.0000,   0.0000, 5847.7700,   803 
   38,   2.9530,  11.3423,  43.8085,  -7.5821,  44.3855,   0.0000,   0.0000,   0.0000,   0.0000, 7212.9100,   803 
   39,   2.9570,  14.2952,  25.2565,  -8.7804,  32.5441, 434.9000, 106.1000, 435.6000, 192.6000, 7225.1600,   803 
   40,   2.9610,  12.5010,  19.2676,  -7.9761,  19.0934,   0.0000,   0.0000,   0.0000,   0.0000, 6192.2800,   803 
   41,   2.9650,   7.5591,  21.5512,  -2.1330,  96.4624,   2.4750,   9.4150,   2.8530, 100.4000, 6427.7400,   803 
   42,   2.9690,  15.4186,  31.2138,  -9.4232,  50.8869,  64.6200,  36.5400,  65.1000,  81.0700, 5987.2000,   803 
   44,   2.9770,  15.9910,  25.9128, -10.4994,  37.1609, 144.6000,  47.6300, 145.2000,  86.1800, 6419.7400,   803 
   45,   2.9810,   8.6148,  13.2242,  -2.0438,  10.8354, 1320.0000, 189.0000, 1319.0000, 759.2000, 6764.4900,   803 
   47,   2.9890,   5.4443,  15.1015,   0.4553,  62.7689,   2.4450,  10.2900,   2.8840, 258.0000, 7730.2700,   803 
   48,   2.9930,   8.6919,  16.6028,  -2.5696,  15.9787,   0.0000, 5610.0000,   0.0000,   0.0000, 7522.4800,   803 
   50,   3.0010,  17.0326,  24.9183, -10.0403,  32.9136, 311.0000,  69.5800, 311.6000, 133.2000, 6466.1200,   803 
   51,   3.0050,  15.9799,  24.0131,  -9.1523,  36.4198,  94.8300,  34.4000,  95.4400,  72.8200, 6721.7300,   803 
   53,   3.0130,   7.7768,  21.9407,  -9.4920,   0.3522,   0.8360,   2.7960,   0.0000, 336.9000, 7545.7600,   803 
   54,   3.0170,  11.5593,  30.6785,  -6.3534,  59.6797,  25.4700,  27.0000,  25.9100,  77.0300, 5254.3500,   803 
   55,   3.0210,   9.7085,  16.3757,  -1.9709, 110.4410,   1.3250,   4.5620,   1.5020,  86.3900, 7223.7300,   803 
   56,   3.0250,  14.2114,  35.3388,  -8.9894,  55.2735,  98.0400,  60.3400,  98.5300, 129.9000, 6625.3500,   803 
   57,   3.0290,  16.7400,  30.1973, -10.4124,  50.6070,  54.6000,  29.4600,  55.0900,  64.9700, 6145.5400,   803 
   58,   3.0330,   8.7522,  18.3819,  -3.3411,  22.1945, 1277.0000, 271.6000, 1278.0000, 756.3000, 8850.0900,   803 
   59,   3.0370,  11.8213,  32.2625,  -6.3827,  61.4979,  34.2600,  35.5400,  34.7700, 103.6000, 7250.2200,   803 
   60,   3.0410,  11.0793,  36.3396,  -5.8367,  69.6194,  36.7900,  44.7300,  37.2500, 141.9000, 6564.3700,   803 
   61,   3.0450,   9.3198,  22.7641,  -2.6702,  44.0325,  22.7000,  23.5800,  23.2400, 114.7000, 5956.7600,   803 
   62,   3.0490,   7.4418,   6.3478,   3.6032,  36.6620,   2.3490,   3.7960,   1.8510,  13.7300, 6977.6400,   803 
   63,   3.0530,  11.6381,  24.7425,  -5.4016,  20.5851, 1118.0000, 207.1000, 1117.0000, 419.2000, 6459.0400,   803 
   64,   3.0570,  23.7237,  25.1399, -16.0418,  30.4795, 953.2000, 103.9000, 953.9000, 165.8000, 6696.4900,   803 
   65,   3.0610,  11.5628,  15.9325,  -2.3890,  64.0238,   2.4510,   4.8230,   2.8720,  49.0900, 6606.6400,   803 
   66,   3.0650,  23.4993,  18.6854, -14.1001,  24.5830, 374.6000,  45.3600, 375.5000,  83.5000, 7679.9900,   803 
   67,   3.0690,  11.4034,  12.6818,  -0.9385,  17.0031, 374.7000,  69.1400, 376.0000, 919.1000, 7395.0200,   803 
   68,   3.0730,  13.2035,  16.8024,  -5.2784,  15.0882, 6827.0000, 448.3000, 6826.0000, 1101.0000, 6597.5800,   803 
   69,   3.0770,  15.8600,  24.2858,  -7.8318,  44.2772,  35.6600,  20.3800,  36.2800,  56.3000, 8107.0800,   803 
   70,   3.0810,  23.0492,  24.5810, -15.0043,  30.8132, 636.0000,  82.8000, 636.6000, 139.5000, 7778.0100,   803 
   71,   3.0850,   9.2600,  12.7473,  -0.8848, 126.3640,   1.1390,   3.2720,   0.9091, 166.5000, 6811.0900,   803 
   72,   3.0890,  16.0692,  29.0282,  -9.4590,  42.1104, 150.6000,  56.5700, 151.1000, 117.4000, 7590.7300,   803 
   73,   3.0930,  10.4523,  17.0206,  -1.5668,  58.5677,   3.7680,   7.0630,   4.2910,  89.9000, 7731.5100,   803 
   74,   3.0970,  10.6975,   9.8629,   1.0676,  37.0643,   2.9790,   4.2990,   3.5940,  70.2400, 7054.3800,   803 
   75,   3.1010,   7.5057,   9.0799,   3.5290,  18.4053,  25.9100,  16.5200,  27.3500,  43.4000, 6476.5100,   803 
   76,   3.1050,  19.9112,  23.5329, -10.4427,  39.3678,  53.7600,  19.7300,  54.3900,  48.1700, 7618.0400,   803 
   77,   3.1090,  18.5354,  23.7777,  -8.4153,  32.5425, 222.0000,  49.8600, 222.6000, 125.7000, 6800.9300,   803 
   78,   3.1130,  12.3692,  11.6588,   0.7739,  50.8331,   2.1340,   3.5220,   2.5260, 106.6000, 7206.3600,   803 
   79,   3.1170,  16.9530,  20.1550,  -6.2326,  39.5059,  20.8000,  11.0400,  21.3800,  40.8400, 5934.5900,   803 
   80,   3.1210,  14.0629,  13.8975,  -1.1759, 110.3100,   1.1050,   2.3470,   1.0810, 111.8000, 6141.7900,   803 
   81,   3.1250,  20.1381,  21.5414,  -8.4954,  35.9792,  50.1300,  16.7800,  50.7600,  50.0100, 6675.8100,   803 
   82,   3.1290,  16.1965,  19.9152,  -4.9857,  37.6205,  27.9200,  14.2500,  28.6000,  61.4700, 7617.6200,   803 
   83,   3.1330,  18.4565,  22.3618,  -7.5455,  41.5144,  30.0600,  14.3200,  30.6700,  47.2700, 7245.5100,   803 
   84,   3.1370,  16.9375,  26.5195,  -8.5845,  36.7619, 212.3000,  60.3700, 212.9000, 139.2000, 7610.8400,   803 
   85,   3.1410,  12.7084,  18.6031,  -2.0105,  88.9813,   2.0220,   4.5970,   2.3780,  82.7200, 6777.6500,   803 
   86,   3.1450,  19.6732,  27.8053,  -9.3068,  42.1823, 101.0000,  33.9200, 101.6000,  89.4400, 6919.7400,   803 
   87,   3.1490,  20.9612,  24.6690,  -9.5339,  38.9049,  75.1300,  23.6200,  75.7300,  64.7600, 7080.7400,   803 
   88,   3.1530,  17.0018,  23.7184,  -5.3153,  64.6443,   7.7860,   7.9320,   8.2880,  47.6200, 7035.2500,   803 
   89,   3.1570,  16.5742,  20.8229,  -5.0389,  94.5757,   2.3370,   4.0610,   2.7090,  39.6300, 6412.1200,   803 
   90,   3.1610,  18.4178,  24.7159,  -7.9258,  55.4004,  15.7300,  11.4000,  16.3100,  42.5900, 8280.0400,   803 
   91,   3.1650,  21.3801,  21.7580,  -8.7024,  48.4757,  12.9800,   7.3310,  13.5200,  27.3100, 6221.5400,   803 
   92,   3.1690,  19.5905,  23.8677,  -6.5516,  34.1897, 163.8000,  40.7000, 164.5000, 142.8000, 8343.3900,   803 
   93,   3.1730,  20.7451,  14.6467,  -9.4636,   8.6681,  76.3700,  12.3900,  74.5300,  23.6000, 6988.4200,   803 
   94,   3.1770,   0.0000,  11.5334,   1.1900,   0.0000,   0.0000,   0.0000,   0.0000,   0.0000, 6988.4200,   803 
   95,   3.1810,  19.4669,  28.4751,  -6.9366,  67.9829,  12.2900,  10.1500,  12.7400,  52.3300, 5916.3000,   803 
   96,   3.1850,  16.0443,  23.7848,  -2.3723, 120.6780,   2.5180,   5.1320,   2.9060, 135.8000, 7537.0100,   803 
   97,   3.1890,  24.6392,  25.4613, -10.0826,  46.3627,  33.6600,  12.8300,  34.2200,  43.3600, 6826.8700,   803 
   98,   3.1930,  20.5270,  20.4955,  -4.2087,  76.0524,   3.4950,   3.9960,   3.9530,  45.2500, 7349.0000,   803 
   99,   3.1970,  20.0916,  14.7820,  -1.2968, 442.6580,   1.0260,   1.5500,   0.6603, 883.2000, 7654.0500,   803 
  100,   3.2010,  32.4967,  24.1273, -13.8162,  43.8073,  35.5500,   9.7800,  36.1600,  31.2400, 7785.4700,   803 
  101,   3.2050,  75.3512,  30.3532, -55.3637,  39.9724, 343.4000,  20.6200, 344.0000,  32.4100, 6500.9900,   803 
  102,   3.2090,  36.4424,  24.6521, -14.2180,  52.2589,  17.6900,   5.8960,  18.2300,  23.1900, 7048.4900,   803 
  104,   3.2170,  41.5418,  22.2582, -12.8223,  77.8551,   4.6710,   2.5610,   5.1870,  19.2500, 9010.6500,   803 
  105,   3.2210,  37.0733,  20.7997,  -9.4305,  91.3867,   2.9110,   2.1950,   3.3630,  24.5600, 8997.2600,   803 
  106,   3.2250,  39.3550,  25.6314, -16.9335,  52.4642,  20.4200,   6.1020,  20.9500,  21.5000, 6832.3100,   803 
  107,   3.2290,  25.2212,  18.2888,  -4.8518,  91.6739,   1.8790,   2.2210,   2.2170,  34.2000, 6845.7000,   803 
  108,   3.2330,  69.4789,  31.1596, -51.7123,  39.4903, 553.3000,  31.4500, 553.8000,  47.7600, 6802.2800,   803 
  109,   3.2370,  19.9144,  24.8104,  -5.4768,  44.9715,  35.7300,  16.3500,  36.3200,  81.2900, 7551.5900,   803 
  110,   3.2410,  30.6879,  24.3641, -14.1191,  35.7738, 128.8000,  22.4500, 129.4000,  58.2300, 7622.6200,   803 
  112,   3.2490,  28.4390,  38.4074, -16.6041,  58.6269, 118.9000,  36.8800, 119.4000,  86.3800, 5922.8100,   803 
  113,   3.2530,   4.6327,  14.6696,   8.9693,  15.9240,   0.0000, 2327.0000,   1.7200, 1206.0000, 7793.1900,   803 
  114,   3.2570,  25.3522,  29.8488, -12.1497,  60.1494,  23.8200,  12.0000,  24.3000,  40.0400, 6406.4200,   803 
  115,   3.2610,  19.0216,  28.1708,  -6.8459,  50.4814,  37.6500,  19.4900,  38.1600,  76.5200, 6445.7200,   803 
  116,   3.2650,  23.0637,  37.4581, -13.0259,  54.8352, 164.3000,  55.0300, 164.8000, 127.4000, 6718.1100,   803 
  117,   3.2690,  23.2670,  36.2107, -12.0569,  49.4313, 287.5000,  74.7100, 288.0000, 176.4000, 7039.3200,   803 
  118,   3.2730,  19.1972,  34.0408,  -7.3495,  62.8024,  37.2300,  23.3200,  37.6800,  95.1400, 5753.6200,   803 
  119,   3.2770,  27.7406,  37.0797, -16.8448,  56.2683, 127.3000,  38.7000, 127.8000,  85.7900, 6813.5500,   803 
  120,   3.2810,  29.7307,  31.6277, -18.8628,  42.9027, 276.4000,  48.7500, 277.0000,  91.1200, 7254.6100,   803 
  121,   3.2850,  20.8824,  32.5983,  -9.7991,  52.8331,  72.9000,  31.1000,  73.4000,  90.6900, 6588.5300,   803 
  122,   3.2890,  24.0441,  38.0171, -14.1009,  61.3630,  86.1000,  35.7600,  86.5500,  87.5600, 6271.3100,   803 
  123,   3.2930,  22.1133,  38.4352, -12.3522,  61.2108, 100.7000,  44.4900, 101.2000, 113.3000, 7149.1900,   803 
  124,   3.2970,  27.9557,  39.6779, -17.1882,  65.1560,  90.5000,  34.7400,  90.9900,  83.7700, 7519.8000,   803 
  125,   3.3010,  55.7741,  35.4192, -42.8670,  40.9934, 2847.0000, 137.5000, 2848.0000, 192.7000, 8878.0600,   803 
  126,   3.3050,  21.6805,  39.0759, -10.4027,  67.7349,  60.5900,  33.1100,  61.0300, 107.4000, 6101.9900,   803 
  127,   3.3090,  21.5303,  16.5851, -10.9871,  11.7053, 231.2000,  28.2200, 229.8000,  49.7500, 7354.1000,   803 
  128,   3.3130,  27.0695,  39.0707, -15.8549,  63.1710,  95.6600,  36.2100,  96.1500,  89.7800, 7368.1800,   803 
  129,   3.3170,  69.7971,  46.3468, -57.0302,  54.4874, 2594.0000, 143.2000, 2595.0000, 196.8000, 7590.1200,   803 
  131,   3.3250,  23.4305,  35.3800,  -9.5070,  84.4194,  16.6400,  12.9900,  17.0700,  67.1300, 6309.1600,   803 
  132,   3.3290,  21.8598,  29.9437,  -6.1466,  90.7314,   7.5260,   7.6250,   7.9610,  67.2200, 6587.6600,   803 
  133,   3.3330,  32.5008,  35.3326, -15.6438,  63.5029,  44.1300,  15.9800,  44.5700,  51.3900, 5865.8400,   803 
  134,   3.3370,  34.7345,  37.3491, -17.6806,  73.7141,  35.9900,  14.9400,  36.4600,  51.3000, 7361.5500,   803 
  135,   3.3410,  33.0843,  31.7695, -12.4384,  66.8686,  24.0600,  10.4000,  24.5700,  47.5800, 7887.2700,   803 
  136,   3.3450,  42.4645,  34.1381, -17.5279,  67.7485,  29.4900,   9.4940,  29.9500,  38.6600, 6501.5000,   803 
  137,   3.3490,  59.4884,  34.3882, -30.7309,  56.3794,  74.5500,  11.9600,  75.0500,  32.5800, 7055.1800,   803 
  138,   3.3530,  53.2793,  31.2212, -20.0656,  62.8969,  24.8100,   6.1320,  25.2800,  26.6000, 6325.4300,   803 
  139,   3.3570,  53.8520,  27.9199, -14.5566,  66.6755,  13.0300,   3.8430,  13.5200,  25.8300, 6931.8000,   803 
  140,   3.3610,  60.6756,  28.4017, -17.3263,  65.0412,  17.0300,   4.2410,  17.5900,  26.1500, 8827.9100,   803 
  141,   3.3650,  55.0729,  26.7289, -11.6513,  87.2730,   5.8240,   2.4140,   6.2800,  28.2800, 7187.2100,   803 
  142,   3.3690,  73.7391,  32.3115, -37.9706,  52.3225,  83.6600,  10.0200,  84.2300,  26.5200, 8732.4900,   803 
  144,   3.3770,  29.4852,  37.2050, -19.4807,  57.1354, 108.6000,  32.1000, 109.0000,  66.1700, 5749.4500,   803 
  145,   3.3810,  -5.0781,  39.8181,   3.1642,  35.5038, 4997.0000, 2181.0000, 4997.0000, 3328.0000, 6509.7200,   803 
  146,   3.3850, -12.5810,  19.0173,  -0.6300, 114.4840,   1.6270,   4.4390,   1.9210, 344.4000, 7490.3000,   803 
  147,   3.3890, -25.2004,  25.1233,   5.1167,  64.5086,   9.8070,   6.4230,  10.3200,  58.0200, 7304.0700,   803 
  149,   3.3970, -48.9041,  23.9075,  14.7888,  52.4438,  16.1800,   4.1640,  16.7500,  21.4300, 7858.0500,   803 
  150,   3.4010, -48.1469,  23.2465,  11.3629,  71.0725,   5.2460,   2.1640,   5.6840,  19.0400, 5858.3600,   803 
  151,   3.4050, -41.3153,  20.8099,   6.6171,  74.8301,   3.3310,   1.8400,   3.7430,  26.0900, 5752.9900,   803 
  152,   3.4090, -33.6481,  19.9814,   3.4508, 166.2210,   1.2200,   1.4750,   1.4210,  94.2500, 6625.5400,   803 
  153,   3.4130, -38.2714,  23.9449,  10.5623,  66.2388,   7.5100,   3.4850,   8.0040,  24.1900, 6967.6000,   803 
  154,   3.4170, -34.0558,  19.9497,   6.2882, 103.2030,   2.0570,   1.9060,   2.4210,  34.5700, 7751.9300,   803 
  155,   3.4210, -41.6363,  24.6438,  14.0698,  60.8027,  11.2500,   4.1670,  11.8000,  21.5500, 7874.8000,   803 
  156,   3.4250, -41.3945,  23.3238,  12.4994,  65.2375,   7.7020,   3.3050,   8.2380,  20.8500, 8106.9500,   803 
  157,   3.4290, -44.8902,  24.2018,  15.3028,  52.0259,  17.3700,   4.7480,  17.9400,  21.4500, 7705.7400,   803 
  158,   3.4330, -36.0740,  21.8952,   6.0849,  95.9746,   2.6470,   2.0810,   3.0380,  36.7200, 6669.9600,   803 
  159,   3.4370, -33.7847,  22.4135,   4.8767, 126.4210,   2.0350,   2.0920,   2.3870,  61.6000, 7349.6700,   803 
  160,   3.4410, -34.6195,  22.8122,   6.2022, 104.9730,   2.7780,   2.4040,   3.1900,  44.1500, 7775.7800,   803 
  161,   3.4450, -39.4224,  25.8422,  11.4116,  84.6349,   6.0350,   3.4560,   6.5330,  28.9100, 8456.3500,   803 
  162,   3.4490, -48.5982,  27.4687,  18.6731,  57.3476,  19.7300,   5.1890,  20.2300,  21.4600, 6676.1700,   803 
  163,   3.4530, -31.7649,  22.5940,   2.6358, 148.4850,   1.6210,   1.9480,   1.9160, 125.5000, 6276.6400,   803 
  164,   3.4570, -34.2337,  22.6763,   4.9268,  92.0152,   2.7190,   2.1230,   3.0770,  41.2400, 5094.1400,   803 
  165,   3.4610, -30.3347,  21.7670,   2.4831, 232.8490,   1.0450,   1.5730,   1.2200, 210.9000, 5527.5200,   803 
  166,   3.4650, -35.2504,  23.4764,   5.4569, 129.0630,   2.0990,   2.0550,   2.4440,  57.2500, 6580.0700,   803 
  168,   3.4730, -38.6520,  22.9965,   6.1280, 110.1680,   2.7440,   2.2020,   3.1610,  48.5700, 8343.5200,   803 
  170,   3.4810, -38.7710,  24.9279,   8.0066, 121.2200,   2.9160,   2.4090,   3.3280,  45.2000, 8015.5200,   803 
  171,   3.4850, -43.2439,  30.3911,  14.0613,  79.7024,  11.9000,   5.1990,  12.4000,  33.8400, 8050.3400,   803 
  172,   3.4890, -36.0183,  22.3585,   2.9808, 311.8970,   1.2080,   1.6420,   1.3970, 355.5000, 8694.6300,   803 
  174,   3.4970, -38.6094,  22.5635,   4.5667, 167.7190,   1.5390,   1.6190,   1.8250,  87.9800, 7028.8000,   803 
  175,   3.5010, -36.7330,  21.2360,   2.6445, 756.8620,   0.9095,   1.2560,   0.9390, 1602.0000, 7403.1200,   803 
  176,   3.5050, -38.0088,  23.5327,   5.5382, 130.8190,   2.0990,   1.9210,   2.4460,  57.9200, 6711.9700,   803 
  177,   3.5090, -36.4255,  23.9059,   5.0824, 152.6180,   1.8400,   1.9200,   2.1610,  75.3200, 6629.8500,   803 
  178,   3.5130, -33.5173,  15.7302,  -0.2329,  14.5797,   0.0000, 426.1000,   0.0000,   0.0000, 10084.1000,   803 
  180,   3.5210, -39.3249,  26.1038,   8.6310, 121.6850,   3.0220,   2.4090,   3.4100,  42.0700, 6776.8100,   803 
  181,   3.5250, -36.5721,  27.3820,   7.6311, 112.4140,   3.9800,   3.1180,   4.3970,  50.5100, 7114.2000,   803 
  182,   3.5290, -35.2105,  23.5163,   4.0394, 216.5210,   1.5820,   2.0120,   1.8790, 167.0000, 9056.1300,   803 
  183,   3.5330, -46.4824,  29.3798,  16.4859,  72.4515,  14.8200,   5.4590,  15.3900,  29.8000, 9707.1500,   803 
  185,   3.5410, -41.2589,  26.7571,  11.1194,  79.8851,   6.5270,   3.2700,   6.9610,  27.1500, 6125.9300,   803 
  186,   3.5450, -33.9702,  14.9960,   0.0023,  12.3953, 1670.0000,  66.0000, 1669.0000,   0.0000, 9899.0000,   803 
  187,   3.5490, -32.5581,  15.9648,  -0.9062,  16.6412,   0.0000, 1385.0000,   0.0000,   0.0000, 8226.9500,   803 
  188,   3.5530, -43.3875,  30.2318,  15.6109,  75.1301,  12.8800,   5.2190,  13.3600,  28.8300, 7157.4200,   803 
  189,   3.5570, -35.0025,  23.6506,   5.1498, 151.4450,   1.8880,   2.0510,   2.2210,  75.6500, 7227.6300,   803 
  190,   3.5610, -35.1499,  23.6781,   5.0438, 115.9380,   2.5110,   2.2720,   2.8890,  58.7200, 6910.0400,   803 
  191,   3.5650, -33.9115,  22.9391,   3.7380, 245.1380,   1.2240,   1.6820,   1.4450, 179.7000, 6782.8900,   803 
  192,   3.5690, -38.3184,  24.2591,   6.1389, 133.7050,   2.4070,   2.1870,   2.7910,  61.2500, 7994.2200,   803 
  193,   3.5730, -36.4288,  23.6585,   5.0181, 137.4180,   2.1450,   2.1100,   2.5060,  72.0900, 7625.6900,   803 
  194,   3.5770, -41.8206,  28.7607,  12.8316,  81.7875,   7.7960,   3.7710,   8.2190,  27.4400, 5890.9200,   803 
  196,   3.5850, -38.9462,  28.0304,  10.6891,  93.8520,   5.8740,   3.6040,   6.3210,  34.8700, 7174.1500,   803 
  197,   3.5890, -36.8440,  26.3925,   8.3872,  93.2749,   5.5750,   3.7300,   6.0790,  44.2000, 9249.7900,   803 
  198,   3.5930, -33.8073,  16.0902,  -1.2330,  16.2138,   0.0000,   0.0000,   0.0000,   0.0000, 7311.1400,   803 
  199,   3.5970, -37.5563,  24.6835,   6.5457,  90.4824,   4.5240,   3.0040,   4.9960,  45.9100, 8177.9100,   803 
  201,   3.6050, -38.7012,  26.3722,   8.2524, 106.3580,   3.9500,   2.8470,   4.3780,  42.5500, 7343.1400,   803 
  202,   3.6090, -36.4175,  20.2499,   2.5741, 563.5020,   0.9803,   1.2890,   0.9854, 975.4000, 8437.3900,   803 
  203,   3.6130, -39.2423,  23.8254,   6.9306,  92.4175,   3.8530,   2.5560,   4.3060,  40.0200, 7864.9400,   803 
  204,   3.6170, -36.9014,  23.4104,   4.6708, 136.4030,   2.1520,   2.0900,   2.5190,  77.1300, 7944.0600,   803 
  205,   3.6210, -40.7857,  26.5663,   8.8547, 100.1930,   4.4750,   2.8860,   4.9140,  39.1200, 7396.7300,   803 
  206,   3.6250, -36.8566,  23.3760,   4.3488, 156.3120,   1.9910,   2.0980,   2.3490, 101.6000, 8985.3400,   803 
  207,   3.6290, -49.5300,  25.8224,  15.2537,  55.4570,  19.2800,   4.9930,  19.8600,  25.6600, 8641.4000,   803 
  208,   3.6330, -37.0155,  22.6380,   3.8216, 165.6230,   1.6890,   1.8420,   2.0020, 112.3000, 8190.0900,   803 
  209,   3.6370, -38.5691,  22.9058,   5.5815, 135.5760,   2.2090,   2.0630,   2.5930,  66.4500, 9140.0100,   803 
  212,   3.6490, -52.2626,  27.3028,  18.6948,  57.8161,  20.5200,   5.1160,  21.0700,  22.9400, 8096.0900,   803 
  213,   3.6530, -37.5639,  24.2442,   5.8851, 120.6870,   2.5230,   2.1760,   2.8980,  53.9800, 6863.5200,   803 
  214,   3.6570, -37.2365,  23.0917,   5.2230, 120.5880,   2.4380,   2.1710,   2.8320,  61.0500, 8175.7900,   803 
  215,   3.6610, -41.8784,  25.7707,  10.8292,  67.4629,   9.0140,   3.7020,   9.4910,  27.1700, 6561.8800,   803 
  216,   3.6650, -14.7515,  19.5475, -18.2651,  16.6823, 2255.0000, 225.0000, 2254.0000, 173.7000, 8602.5800,   803 
  218,   3.6730, -44.2510,  26.7734,  12.8904,  65.2317,  12.1500,   4.3720,  12.6600,  27.1500, 7369.8100,   803 
  219,   3.6770, -52.7648,  28.2349,  21.8919,  52.7095,  32.1200,   6.5080,  32.6500,  22.9300, 6829.5100,   803 
  220,   3.6810, -23.1202,  19.1952, -11.2274,  14.8836, 518.8000,  50.9500, 517.7000,  96.6700, 7191.0100,   803 
  221,   3.6850, -34.3901,  20.1000,   1.9406, 513.4620,   0.9420,   1.2980,   0.9485, 1038.0000, 7673.6400,   803 
  222,   3.6890, -37.6389,  24.3945,   7.4786,  94.2549,   4.1110,   2.8560,   4.5780,  40.3900, 8370.7800,   803 
  223,   3.6930, -33.6121,  20.2120,   3.3909, 195.1360,   1.3390,   1.7060,   1.5410, 142.0000, 9311.2100,   803 
  225,   3.7010, -48.4810,  25.4209,  17.1191,  56.2390,  17.2100,   4.7290,  17.8000,  21.5800, 8699.3800,   803 
  226,   3.7050, -38.5959,  21.0169,   7.1718,  57.1012,   7.8970,   3.2850,   8.4750,  30.9100, 8397.6900,   803 
  227,   3.7090, -35.2280,  20.3118,   4.6566,  89.5719,   2.5160,   1.9860,   2.9150,  42.0600, 7101.4200,   803 
  228,   3.7130, -100.8260,  28.9433,  71.1425,  35.8100, 714.6000,  23.3200, 715.2000,  36.4800, 6475.8800,   803 
  229,   3.7170, -40.5878,  21.7307,  10.4691,  45.9354,  16.7900,   4.5530,  17.3700,  25.7700, 7023.4200,   803 
  230,   3.7210, -32.7571,  20.8484,   4.6922, 103.1650,   2.3050,   2.1780,   2.6950,  50.2600, 7961.0100,   803 
  232,   3.7290, -38.8747,  20.7733,   7.5158,  58.8042,   6.5420,   2.8430,   7.0730,  26.4800, 7312.7200,   803 
  233,   3.7330, -54.5862,  24.4173,  19.8869,  43.1486,  39.3900,   6.1530,  39.9800,  22.5900, 7226.3200,   803 
  234,   3.7370, -55.6604,  24.3995,  15.8018,  50.0651,  22.0700,   4.5170,  22.6800,  23.7000, 8651.5400,   803 
  235,   3.7410, -53.4251,  24.3682,  15.0965,  50.4213,  18.6100,   4.0240,  19.1400,  21.3400, 6579.1300,   803 
  236,   3.7450, -37.6178,  17.5136,   1.4563,   3.0669,   2.9100,   0.9315,   7.2700,  19.7500, 6424.1900,   803 
  237,   3.7490, -44.0095,  22.5755,  11.4762,  40.3315,  36.6000,   6.8000,  37.2200,  34.4300, 7325.5000,   803 
  238,   3.7530, -30.3879,  17.6196,   0.9197,  51.0081,   5.8550,   3.0370,   6.4370, 169.6000, 7611.4300,   803 
  239,   3.7570, -20.1780,  20.5307,   1.2283,  78.8056,   3.3330,   4.0230,   3.7880, 159.4000, 7584.7100,   803 
  240,   3.7610, -10.7694,  25.4445,   0.2877,  20.4462, 743.9000, 180.9000, 743.1000, 6261.0000, 8140.5500,   803 
  241,   3.7650,   5.6604,  52.3343,  -5.6759,  74.8408, 346.6000, 588.1000, 347.1000, 821.6000, 8283.8500,   803 
  242,   3.7690,  21.9095,  30.3809,  -8.2913,  89.2854,   8.8660,   8.7290,   9.3400,  55.7200, 7700.9200,   803 
  243,   3.7730,  54.0787,  30.9302, -25.1140,  59.7169,  28.7900,   6.4770,  29.2700,  21.8000, 6211.2400,   803 
  244,   3.7770,  70.9677,  34.5552, -34.6885,  64.2896,  38.8800,   6.7620,  39.3500,  21.9300, 6515.5300,   803 
  245,   3.7810,  90.0571,  34.4552, -48.0909,  58.0918,  59.1900,   6.6780,  59.6500,  18.0500, 5987.7800,   803 
  246,   3.7850,  58.2195,  29.2792, -17.3490,  86.4610,   7.6990,   2.8180,   8.1380,  22.3400, 6531.8000,   803 
  247,   3.7890,  57.9038,  29.6631, -21.6486,  66.1275,  17.6600,   4.5520,  18.1600,  21.3800, 7295.9700,   803 
  248,   3.7930,  49.8065,  33.5085, -20.4253,  71.4063,  23.0800,   6.9990,  23.5600,  30.5800, 6967.6100,   803 
  249,   3.7970,  38.5619,  35.5206, -15.9267,  84.3049,  18.6200,   8.7890,  19.0900,  44.4700, 7577.8600,   803 
  250,   3.8010,  34.8934,  36.7871, -15.3141,  83.3175,  22.3000,  11.1700,  22.7700,  51.4600, 7470.4700,   803 
  251,   3.8050,  31.0996,  41.5172, -15.6216,  81.5050,  43.3100,  21.4500,  43.7800,  78.1800, 7539.6500,   803 
  252,   3.8090,  34.2963,  43.7617, -20.0060,  73.1518, 102.7000,  36.0200, 103.2000,  96.7400, 8863.2600,   803 
  253,   3.8130,  25.2907,  46.3471, -13.7041,  91.9746,  48.3200,  32.3000,  48.7600, 116.8000, 7122.7400,   803 
  254,   3.8170,  67.1395,  46.4204, -54.8769,  54.7419, 2410.0000, 141.1000, 2411.0000, 194.5000, 7275.1200,   803 
  255,   3.8210,  26.8763,  47.8264, -16.9390,  73.3586, 158.1000,  62.8600, 158.5000, 146.9000, 6045.7400,   803 
  256,   3.8250,  21.2460,  45.4809, -11.6657,  91.2232,  42.7800,  34.1300,  43.2000, 122.3000, 6418.3900,   803 
  257,   3.8290,  20.4440,  51.0705, -11.5917,  95.7615,  71.1900,  57.8600,  71.6200, 195.1000, 7203.0000,   803 
  258,   3.8330,  16.1781,  45.1067,  -7.0517,  91.4491,  44.0900,  46.6600,  44.5500, 212.4000, 7557.8000,   803 
  259,   3.8370,  28.8723,  44.8558, -18.4650,  73.1267, 101.6000,  40.9700, 102.1000,  98.6200, 6187.7100,   803 
  260,   3.8410,  21.5894,  45.9460, -14.3912,  83.2674,  69.7200,  46.9000,  70.1800, 123.2000, 7484.3900,   803 
  261,   3.8450,   9.2165,  25.7706,  -1.6042, -959.6930,   0.8798,   6.1840,   0.9683, 4069.0000, 7810.3400,   803 
  262,   3.8490,  13.2664,  40.0986,  -5.2492, 148.1840,   8.3510,  18.8300,   8.7440, 197.3000, 6483.5200,   803 
  263,   3.8530,  19.4833,  47.7260, -12.1203,  95.3005,  46.3100,  41.4000,  46.7200, 133.4000, 6186.6800,   803 
  264,   3.8570,  19.5069,  51.6921, -12.4782,  88.0358, 111.9000,  81.4400, 112.3000, 217.3000, 7375.8000,   803 
  265,   3.8610,  13.3745,  33.8655,  -4.7734, 132.1860,   5.8590,  12.8600,   6.2670, 138.9000, 6852.1500,   803 
  266,   3.8650,  19.9023,  44.3079, -11.8977,  80.9820,  62.7000,  45.2000,  63.1600, 131.5000, 7308.0400,   803 
  268,   3.8730,  21.2980,  45.1786, -13.5707,  77.5944,  82.3700,  50.2900,  82.8100, 129.0000, 6768.7800,   803 
  269,   3.8770,  17.8504,  50.0504, -10.8250,  98.5591,  55.6600,  55.0300,  56.0800, 182.9000, 6843.6200,   803 
  270,   3.8810,  16.0494,  50.5459,  -9.0968, 116.2980,  36.9600,  50.1800,  37.4000, 220.4000, 7756.0100,   803 
  271,   3.8850,  11.9123,  29.6972,  -3.1532, 316.8210,   1.7390,   7.0610,   2.0380, 445.6000, 6228.3300,   803 
  272,   3.8890,  11.0976,  33.1010,  -3.3564, 224.2400,   3.5240,  12.9800,   3.9470, 379.3000, 9319.6400,   803 
  273,   3.8930,  18.3313,  41.3954, -10.4810, 101.8250,  21.0600,  23.9100,  21.5000, 100.7000, 7312.4800,   803 
  274,   3.8970,  25.0396,  49.3093, -18.5742,  82.9090, 110.8000,  59.1100, 111.3000, 131.6000, 7502.3600,   803 
  275,   3.9010,  18.6567,  47.7652, -12.8079, 100.0870,  40.1100,  40.1000,  40.5200, 124.5000, 6415.4300,   803 
  276,   3.9050,  17.0173,  20.0686,  -2.3179, 282.9780,   1.3090,   3.5080,   1.4270, 401.5000, 11977.7000,   803 
  277,   3.9090,  20.9551,  33.9333, -10.8561,  60.4229,  52.3200,  28.0100,  52.8600,  81.5700, 8305.6200,   803 
  278,   3.9130,  19.9610,  34.7506, -10.9567,  59.7060,  66.4500,  35.4200,  67.0100,  95.0600, 8986.7600,   803 
  279,   3.9170,  13.4241,  30.2911,  -4.2272, 165.5960,   2.8950,   7.7710,   3.2410, 140.0000, 5776.0900,   803 
  280,   3.9210,  18.6868,  50.8238, -12.1420,  94.8471,  70.6100,  62.1000,  71.0400, 181.3000, 6943.9700,   803 
  281,   3.9250,  20.9396,  48.8120, -13.9710,  89.7443,  76.9500,  57.2000,  77.4200, 156.8000, 8410.5300,   803 
  282,   3.9290,  20.6431,  46.7865, -13.1871,  91.4122,  49.3200,  39.7200,  49.7300, 120.1000, 6415.4800,   803 
  283,   3.9330,  18.6667,  36.5832,  -9.6640,  97.2910,  13.7100,  15.5800,  14.1500,  73.6600, 6806.1200,   803 
  284,   3.9370,  11.7460,  23.4264,  -2.1294, 362.6810,   1.0560,   4.5780,   1.2330, 582.1000, 6457.7100,   803 
  285,   3.9410,  16.3161,  36.7607,  -7.1536, 121.4850,   8.6720,  14.0100,   9.0810, 104.7000, 6585.4300,   803 
  286,   3.9450,  24.6466,  41.0657, -14.6864,  88.6165,  33.3800,  23.7800,  33.8800,  81.2300, 8896.9100,   803 
  287,   3.9490,  28.2247,  37.2387, -16.0274,  84.2446,  22.9100,  14.2700,  23.3800,  51.1200, 7557.7000,   803 
  288,   3.9530,  21.9839,  26.8974,  -7.7481, 102.3210,   4.6200,   5.5960,   5.0710,  47.7700, 7861.7600,   803 
  291,   3.9650,  43.9943,  28.9087, -22.3675,  57.1986,  25.4800,   7.0040,  25.9800,  21.3600, 6740.7100,   803 
  292,   3.9690,  38.0458,  26.2400, -16.3606,  64.4514,   9.3580,   3.9150,   9.7700,  16.4100, 4764.2400,   803 
  293,   3.9730,  32.5576,  20.7446,  -8.6856,  81.9641,   3.1630,   2.4490,   3.6050,  23.0500, 7461.9400,   803 
  295,   3.9810,  23.2315,  23.7992,  -6.8322,  95.2851,   3.4490,   3.9820,   3.8710,  38.8900, 7041.1800,   803 
  296,   3.9850,  21.2430,  26.1116,  -7.1600,  95.8909,   4.8300,   5.7960,   5.2980,  48.2000, 8200.0300,   803 
  297,   3.9890,  24.8274,  25.8701, -10.0512,  74.5538,   7.3950,   5.8060,   7.8750,  30.1400, 7168.5300,   803 
  298,   3.9930,  27.0813,  26.9269, -13.2849,  68.8524,   9.5490,   6.0250,   9.9980,  23.3900, 5942.7800,   803 
  299,   3.9970,  19.7749,  27.8781,  -8.2596, 100.3750,   5.0970,   6.6020,   5.5350,  45.7600, 7184.2600,   803 
  301,   4.0050,  15.1079,  23.5299,  -4.6049,  96.2564,   3.2060,   5.7850,   3.6140,  55.4100, 6706.9000,   803 
  302,   4.0090,  19.6375,  32.0638,  -9.7271,  86.9382,  11.6500,  11.9900,  12.1300,  55.2800, 7912.7800,   803 
  303,   4.0130,  15.3022,  28.6291,  -5.8787, 132.3950,   3.7180,   7.7400,   4.1340,  83.9600, 7663.2800,   803 
  304,   4.0170,  17.9220,  32.4799,  -8.8012,  93.4287,   9.3260,  11.3200,   9.7540,  57.0600, 6440.5100,   803 
  305,   4.0210,  16.0930,  29.6971,  -7.2399,  89.0150,   8.1320,  11.0200,   8.5990,  59.5500, 7503.3200,   803 
  306,   4.0250,  25.4647,  40.2444, -16.2652,  76.7845,  43.6700,  24.6700,  44.1200,  67.4700, 6754.0900,   803 
  307,   4.0290,  15.0794,  34.1938,  -8.0135, 104.4700,   9.6880,  15.2500,  10.1400,  79.7500, 7705.3300,   803 
  308,   4.0330,  11.5300,  25.5795,  -3.9508, 222.5790,   1.5330,   5.9230,   1.8160, 167.6000, 6265.1500,   803 
  309,   4.0370,  12.9205,  25.1567,  -5.0723, 111.5920,   3.1550,   7.2890,   3.5590,  64.1100, 7095.1300,   803 
  310,   4.0410,  19.0092,  39.6317, -11.7684,  70.9474,  54.5100,  36.5000,  54.9500,  95.4500, 6415.9100,   803 
  311,   4.0450,  12.2968,  26.1764,  -3.9476, 122.0300,   2.8690,   7.3200,   3.2360,  87.6600, 6063.5000,   803 
  312,   4.0490,  20.9315,  36.5547, -13.1448,  69.9488,  38.4300,  24.7800,  38.9000,  66.0500, 6985.5100,   803 
  313,   4.0530,  18.7764,  31.6272, -11.5451,  60.0306,  33.9500,  21.6900,  34.4600,  54.8100, 7165.2800,   803 
  314,   4.0570,  21.4972,  27.8148, -11.2216,  54.9362,  28.0000,  15.2700,  28.5800,  44.5400, 8570.8900,   803 
  315,   4.0610,  19.9520,  37.8956, -12.8465,  68.4851,  55.9200,  35.1200,  56.4400,  87.4600, 8299.9700,   803 
  316,   4.0650,  19.5713,  38.5841, -12.6824,  75.3281,  39.8600,  29.5300,  40.3400,  79.9800, 7595.8400,   803 
  317,   4.0690,  10.5447,  21.6034,  -2.7103, 209.7980,   1.1730,   4.9290,   1.3750, 177.8000, 6408.9700,   803 
  318,   4.0730,  15.3212,  32.5870,  -9.8935,  55.1311,  59.8400,  38.2600,  60.3500,  84.0800, 7121.5700,   803 
  319,   4.0770,  14.5267,  39.5982,  -9.4643,  90.6045,  22.3400,  28.5200,  22.7600,  93.6300, 6382.2700,   803 
  320,   4.0810,  30.6332,  39.2205, -24.2453,  55.2146, 231.2000,  54.0600, 231.7000,  87.3700, 6533.2200,   803 
  321,   4.0850,  22.4346,  34.1636, -15.0922,  56.7475,  64.9000,  28.2800,  65.3700,  59.6800, 6256.5300,   803 
  322,   4.0890,  15.7699,  30.7573,  -9.6720,  65.0888,  23.8400,  21.3400,  24.3800,  59.1600, 8644.4100,   803 
  323,   4.0930,  22.6220,  37.9119, -16.1925,  63.7552,  77.9300,  37.5100,  78.4500,  78.2100, 8070.0900,   803 
  324,   4.0970,   9.7554,  25.5055,  -3.9405, 108.4390,   3.3820,  10.0200,   3.7890,  82.0900, 6929.1900,   803 
  325,   4.1010,   8.7323,  13.5201,  -1.2217, -2456.5300,   1.1250,   3.1300,   0.4825,   0.0000, 8152.9800,   803 
  326,   4.1050,  15.1030,  34.8519,  -9.3342,  75.7204,  24.9200,  26.3000,  25.4300,  79.5600, 8348.2400,   803 
  327,   4.1090,  10.8821,  43.1761,  -7.0785, 107.0780,  23.5200,  46.5400,  23.9800, 178.9000, 8240.2800,   803 
  328,   4.1130,  12.4896,  42.7762,  -7.7903, 107.3390,  21.5200,  37.3900,  21.9700, 151.4000, 7558.3600,   803 
  329,   4.1170,  12.3806,  37.6927,  -7.6286,  90.0096,  21.3300,  32.7400,  21.8300, 116.1000, 8641.8700,   803 
  330,   4.1210,  10.3054,  34.6519,  -6.5760,  87.8039,  15.2400,  28.7800,  15.7100, 100.2000, 7766.4700,   803 
  332,   4.1290,   8.4577,  28.7427,  -3.6984, 103.5340,   5.5100,  16.8800,   5.9620, 114.9000, 7734.7500,   803 
  333,   4.1330,  12.5894,  36.6178,  -8.7255,  74.0705,  31.0300,  36.4700,  31.4900,  93.4700, 6930.7200,   803 
  335,   4.1410,  16.5728,  39.4085, -12.4919,  70.2980,  61.4500,  46.6900,  61.9500,  99.6700, 8020.7900,   803 
  336,   4.1450,   7.3589,  16.5640,  -2.3741, 328.8160,   1.0190,   5.1100,   0.8493, 334.9000, 8227.4700,   803 
  337,   4.1490,  14.8131,  46.4686, -11.1431,  82.8168,  76.7000,  73.6400,  77.1600, 168.9000, 7547.8400,   803 
  338,   4.1530,  10.7324,  40.2656,  -7.5711,  91.1469,  25.9700,  44.7200,  26.4400, 135.2000, 7684.0300,   803 
  339,   4.1570,  15.1209,  29.7519,  -9.3805,  43.5744, 134.7000,  56.5200, 135.2000, 112.6000, 6827.4400,   803 
  340,   4.1610,  13.4962,  28.4404,  -7.5795,  57.1403,  26.0500,  23.7000,  26.6100,  65.8400, 8188.8900,   803 
  341,   4.1650,  17.1372,  36.2316, -13.9992,  50.9192, 221.4000,  85.9500, 221.9000, 131.8000, 6927.3700,   803 
  342,   4.1690,   8.0349,  35.1288,  -4.9034,  92.4561,  14.4700,  36.9300,  14.9500, 142.1000, 8146.8400,   803 
  343,   4.1730,  14.7555,  43.0373, -12.0486,  63.4810, 194.8000, 117.0000, 195.3000, 196.3000, 7444.4400,   803 
  344,   4.1770,  14.7203,  34.6939, -12.1792,  54.7914,  94.5900,  56.6600,  95.1000,  93.5200, 7216.7900,   803 
  345,   4.1810,  19.9240,  39.5030, -16.4152,  58.6311, 162.7000,  68.5300, 163.2000, 111.8000, 7088.0500,   803 
  346,   4.1850,  15.2430,  35.5935, -11.5392,  61.0585,  61.2600,  43.4200,  61.7500,  85.1400, 7116.0800,   803 
  347,   4.1890,  14.8089,  31.4536, -11.8372,  54.8312,  53.1000,  36.3800,  53.6500,  65.4100, 8145.6700,   803 
  348,   4.1930,   5.5259,  19.8040,  -3.1509, 112.4110,   1.7170,  10.4400,   2.0290,  68.7000, 6858.7200,   803 
  349,   4.1970,   8.3392,  32.2368,  -6.4312,  79.2774,  14.2700,  30.7900,  14.7300,  81.7300, 7066.3600,   803 
