  1, 325.360,    3.701,   10.554,    6.413, 199727.547,    0.406,    2.077,    0.168, 4163810.697,   1.2098
  2, 325.760,  -17.057,  592.283,   24.599, 1497.059,  716.224, 8328.767,  716.378, 30217.820,   0.9415
  4, 326.560,    0.619,   66.931,    6.237,   48.539,  174.276, 2884.662,  174.153,  234.128,   1.7240
  5, 326.960,   -9.130,  191.102,   19.300, 1456.609,   13.111,  189.760,   13.281, 2279.974,   1.3232
  6, 327.360,    8.339,   12.925,    4.060, 74777.973,    0.402,    1.196,    0.179, 972342.687,   0.9936
  7, 327.760,  -24.860,  483.112,   31.184,  685.643, 3476.529, 10589.056, 3476.672, 15126.982,   1.1866
  8, 328.160,  -28.487,  669.536,   33.193,  882.664, 16248.867, 47770.403, 16249.017, 66422.657,   1.2439
  9, 328.560,  -29.375,  554.747,   40.316, 1165.547,  909.886, 4947.917,  910.037, 13242.792,   1.0521
 10, 328.960,    5.930,   12.859,    7.266, 223108.157,    0.388,    1.613,    0.173, 4652941.051,   1.2109
 11, 329.360,  -10.089,  773.129,   14.387, 1134.520, 10468.193, 133097.595, 10468.344, 185366.840,   1.2940
 12, 329.760,   15.232,   26.207,  -10.869,   37.281,  105.955,   34.120,  105.938,   61.630,   1.0877
 13, 330.160,  -27.336,  820.714,   30.148,  923.602, 297727.492, 504573.248, 297727.643, 564192.156,   1.1353
 14, 330.560,  -14.855,  432.790,   24.435, 1112.308,  349.521, 3582.265,  349.703, 10963.391,   2.2508
 16, 331.360,   13.416,   19.083,   -5.510,   31.688,   40.163,   15.556,   40.076,   56.290,   1.1723
 17, 331.760,  -32.341,  515.055,   34.570,  570.971, 126760.465, 100667.252, 126760.618, 111615.655,   0.9898
 18, 332.160,  -59.311,  632.208,   63.772,  744.134, 59930.705, 49168.379, 59930.859, 60503.257,   1.1051
 19, 332.560,   17.937,   31.694,  -12.691,   37.317, 1026.238,  152.156, 1026.246,  241.076,   0.9309
 20, 332.960,   -7.348,   11.138,   10.348, 2980.040,    0.430,    1.188,    0.188,  658.472,   1.1621
 23, 334.160,  -83.203,  366.759,   88.764,  461.521, 5451.898, 2600.928, 5452.046, 3478.839,   0.9772
 24, 334.560,  -55.643,  380.916,   68.992,  629.039,  877.389, 1309.571,  877.551, 2369.397,   1.0609
 25, 334.960,    8.310,    9.998,    4.662, 241930.108,    0.433,    0.911,    0.175, 8792888.772,   1.3306
 27, 335.760,   -3.988,    7.201,   12.441, 125742.247,    0.473,    1.186,    0.164, 843417.901,   1.4424
 28, 336.160,   13.175,   14.285,   -2.135,  249.861,    0.536,    1.036,    0.354,   58.187,   1.3085
 29, 336.560,   -8.082,    6.384,   11.805, 2607.246,    0.611,    0.597,    0.207,  502.728,   1.5442
 30, 336.960,    7.026,   11.561,    4.621, 222895.995,    0.413,    1.263,    0.177, 7535205.574,   1.4222
 32, 337.760,   11.593,   13.127,   -6.237,  604.395,    0.438,    0.928,    0.231,   61.617,   1.0064
 33, 338.160,   -9.220,  111.612,   10.702,  428.148,    6.854,   56.373,    7.002,  245.451,   1.5878
 36, 339.360,  -91.589,  727.456,   98.232,  842.131, 119328.490, 65725.062, 119328.645, 79181.183,   0.8765
 40, 340.960,  -62.900,  783.747,   71.585, 1009.218, 33885.398, 48511.602, 33885.558, 66837.938,   1.3053
 41, 341.360,  -71.394,  663.998,   87.882,  950.499, 9230.927, 13531.747, 9231.098, 20618.420,   1.9097
 42, 341.760,    9.388,   11.338,    6.968, 253351.313,    0.405,    0.903,    0.172, 6294650.459,   1.4490
 43, 342.160,    9.267,   17.581,   -3.483,   46.519,    6.152,    6.760,    6.068,   37.261,   1.7212
 45, 342.960,   12.925,   16.409,   -9.589, 1382.844,    0.416,    1.046,    0.218,  177.949,   1.4857
 46, 343.360,  -10.749,    9.479,    7.504, 88680.208,    0.462,    0.692,    0.183, 767773.283,   1.1348
 50, 344.960,    3.554,   27.173,    1.233, 20530.845,    0.371,    5.899,    0.228, 284741.438,   0.9184
 51, 345.360,    6.029,   39.248,   -4.793,  204.812,    1.006,    8.463,    1.028,   36.515,   1.2122
 53, 346.160,   -7.331,  188.473,   18.761, 1373.218,   12.107,  214.196,   12.266, 1935.376,   1.5024
 54, 346.560,    5.411,   23.459,    7.855, 214097.583,    0.362,    3.228,    0.204, 4421882.567,   0.9667
 56, 347.360,  -17.821,  396.153,   30.713, 1021.568,  245.701, 1950.651,  245.863, 5600.007,   1.1792
 57, 347.760,    9.910,   15.448,    2.870, 84451.258,    0.413,    1.278,    0.196, 1890824.458,   0.8104
 59, 348.560,   10.932,   64.746,   -9.192,  195.709,    3.810,   15.872,    3.908,   46.459,   0.8186
 60, 348.960,    3.563,   46.925,   -3.895,  266.895,    1.065,   18.418,    1.105,   72.221,   1.2694
 61, 349.360,   -1.697,    6.095,    1.847, 13655.770,    0.525,    2.233,    0.169, 69892.790,   1.3431
 62, 349.760,   10.419,   24.016,   -7.452,  154.101,    0.849,    2.879,    0.797,   14.367,   0.7549
 63, 350.160,   -0.615,   32.560,    1.865,   14.731,   14.100,  285.715,   14.274,   49.140,   1.6697
 64, 350.560,  -24.917,  313.019,   32.201,  505.422,  609.752, 1637.165,  609.917, 2637.754,   1.2426
 65, 350.960,   -5.425,  176.882,   19.271, 1115.021,   11.664,  258.777,   11.826, 1232.046,   1.6014
 66, 351.360,    7.113,   11.620,    5.344, 238141.334,    0.415,    1.263,    0.178, 7490131.884,   1.1234
 67, 351.760,   11.119,   15.586,   -6.807, 1885.423,    0.423,    1.169,    0.213,  450.073,   1.1203
 69, 352.560,    2.963,   53.964,   -2.129,    8.146,    1.146,   18.805,    1.407,    4.986,   1.0376
 71, 353.360,  -11.300,  159.979,   22.417, 1063.067,   10.423,  107.015,   10.610,  929.971,   1.8881
 72, 353.760,    4.178,   11.371,    9.846, 735013.009,    0.407,    2.047,    0.173, 37689220.016,   1.0723
 74, 354.560,   13.068,   16.740,   -5.502, 1094.149,    0.417,    1.057,    0.225,  202.915,   1.1706
 75, 354.960,   12.653,  149.591,  -15.662,  332.941,   30.938,  140.454,   31.079,  303.483,   0.8334
 76, 355.360,    7.465,   26.855,  -11.455, 1715.459,    0.418,    3.097,    0.274,  265.130,   1.1167
 77, 355.760,   27.475,  349.475,  -33.389,  461.308, 3091.714, 5089.074, 3091.872, 6416.055,   1.1385
 78, 356.160,    9.180,  150.518,  -14.032,  436.650,   16.864,  136.213,   17.003,  357.195,   0.9592
 79, 356.560,   11.242,   66.169,  -13.511,  125.279,   19.094,   41.486,   19.221,   54.029,   1.6139
 80, 356.960,    8.195,   51.397,   -6.916,   56.847, 4339.894, 1399.086, 4339.986, 1766.689,   1.4801
 81, 357.360,    2.145,  726.496,    2.314,   30.881,    0.397,  373.898,    0.507,   13.654,   1.2681
 86, 359.360,   -0.015,    1.172,   13.725, 1083295.035,    0.088,    1.249,    0.200, 71299933.322,   2.5656
 87, 359.760,   24.178,   22.831,   -8.298,   98.434,    1.653,    1.672,    1.620,   12.912,   0.9908
 89, 360.560,   16.650,   20.136,  -10.090,  805.182,    0.422,    1.021,    0.256,   68.112,   0.9653
 90, 360.960,   20.194,  249.968,  -21.514,  305.394, 3786.301, 4539.613, 3786.475, 5594.168,   1.7316
 91, 361.360,  162.772,   66.316, -159.995,   68.886, 78699.606,  614.025, 78699.723,  639.707,   1.2618
 93, 362.160,   15.367,   21.698,   -9.094, 1079.565,    0.418,    1.193,    0.254,  130.021,   1.1409
 95, 362.960,   13.069,   28.417,   -9.713,  568.136,    0.551,    2.386,    0.426,   56.639,   1.2299
 96, 363.360,   21.024,  158.356,  -20.930,  166.595, 93946.011, 17935.752, 93946.207, 18985.031,   2.0743
 98, 364.160,    4.298,   17.466,    6.341, 1371.821,    0.522,    4.231,    0.281,  338.584,   1.2599
101, 365.360,   25.621,   36.199,  -14.750,  289.975,    0.800,    1.860,    0.781,   17.873,   1.0430
102, 365.760,  -71.856,  819.428,   80.379, 1034.252, 88275.898, 107201.944, 88276.193, 145257.618,   3.4332
103, 366.160,   -4.163,    5.319,   19.881, 1619.123,    0.833,    1.086,    0.267,  152.966,   2.9642
104, 366.560,   11.671,   24.566,    8.872, 15881.932,    0.539,    2.337,    0.313, 32986.178,   2.3540
105, 366.960,   44.243,   43.478,  -32.309,  120.735,    4.324,    2.919,    4.403,    7.805,   1.1884
106, 367.360,   63.866,   57.840,  -58.715,   85.389,   98.849,   19.099,   99.001,   26.568,   2.0475
107, 367.760,  -51.398,  771.101,   59.317,  986.014, 67471.911, 113437.801, 67472.220, 152061.679,   4.6014
108, 368.160,   12.007,   22.617,    3.975, 1093.682,    0.699,    2.672,    0.433,  517.267,   3.2251
109, 368.560,    6.195,   51.072,   10.230, -994.324,    0.711,   13.296,    0.597,  179.329,   4.0095
110, 368.960,    6.391,   18.494,    9.540,  755.485,    0.694,    3.985,    0.408,  103.155,   3.5555
111, 369.360,   22.873,   36.152,  -11.342,  171.154,    1.355,    2.596,    1.378,   15.601,   1.1928
112, 369.760,   50.617,   69.450,  -45.499,   83.857,  772.896,  103.848,  773.043,  130.375,   2.0076
113, 370.160,   30.857,   60.639,  -26.226,  102.885,   31.961,   18.845,   32.085,   31.340,   1.6801
117, 371.760,   19.830,   32.394,   -9.914,  254.937,    0.708,    1.909,    0.677,   19.094,   1.2370
118, 372.160,   22.744,   21.568,  -21.088,   10.893,   21.867,    7.058,   22.134,    3.966,   1.5577
119, 372.560,   28.341,   51.196,  -22.364,   60.001, 1214.381,  179.826, 1214.484,  251.783,   1.9156
121, 373.360,    8.651,   25.346,    8.720, 3489.630,    0.502,    3.032,    0.306, 1597.857,   1.5792
122, 373.760,    5.206,   29.705,    8.883, 3972.134,    0.514,    6.120,    0.343, 2217.420,   1.8140
124, 374.560,   26.618,   25.321,  -16.235,   11.663,   16.916,    6.149,   17.190,    4.988,   2.2363
125, 374.960,   -2.193,    6.052,    8.024,  266.696,    0.808,    2.490,    0.349,   19.263,   2.7130
126, 375.360,   -0.851,  656.971,    8.915, 1728.202, 1237.378, 325773.017, 1237.593, 178682.702,   2.0091
127, 375.760,   -0.668,    4.083,    9.461, 1182.350,    0.726,    3.364,    0.225,  149.551,   1.8286
128, 376.160,    3.221,   29.979,   10.144, 1270.072,    0.594,   11.405,    0.427,  253.791,   1.8390
129, 376.560,    9.477,   25.470,    2.613, 1734.330,    0.486,    2.681,    0.308, 1349.554,   1.5685
130, 376.960,   -1.224,    3.590,    7.884,  258.185,    0.839,    1.585,    0.336,   18.690,   3.0507
131, 377.360,   18.228,   37.782,  -11.826,  584.509,    0.551,    2.205,    0.500,   53.167,   0.9171
132, 377.760,   34.028,   89.775,  -33.821,  141.539,   78.696,   50.653,   78.878,   73.386,   1.6888
133, 378.160,   16.835,   52.639,  -11.491,   52.181,      nan,      nan,      nan,      nan,   2.0342
134, 378.560,   20.977,   58.401,  -12.424,   80.357,  167.777,   80.124,  167.919,  165.316,   2.6227
135, 378.960,    3.985,   48.608,    6.411,  560.927,    1.176,   24.827,    1.194,  197.391,   2.5089
136, 379.360,   33.332,   63.667,  -22.010,   97.252,   71.302,   31.775,   71.449,   63.410,   1.7572
137, 379.760,   30.059,   62.241,  -20.746,   76.798,  712.980,  162.228,  713.157,  268.198,   2.9547
138, 380.160,    7.547,   38.306,    5.491,  524.738,    1.086,   10.415,    1.006,  186.177,   4.1340
139, 380.560,   80.791,   18.674,  -68.939,   11.692,   92.523,    4.994,   92.897,    3.722,   3.4275
140, 380.960,   -6.665,    3.871,   19.760,  426.021,    1.606,    0.660,    0.567,   28.060,   7.9844
141, 381.360,   28.702,   46.285,   -0.901,   83.354,   57.484,   31.742,   57.732, 1464.076,   9.1805
142, 381.760,   55.259,   62.691,  -30.614,  219.694,    8.728,    8.137,    9.016,   42.139,  11.8562
143, 382.160,   20.146,   55.068,    0.693,  117.847,   39.788,   50.460,   40.201, 2436.650,  21.8623
144, 382.560,   62.394,   63.292,  -39.144,   87.007,  363.722,   62.995,  364.043,  123.011,   8.1724
146, 383.360,   21.262,   27.560,   -7.924,  199.827,    0.735,    1.517,    0.690,   16.994,   1.1259
147, 383.760,  -10.016,   45.553,    9.516, 238137.693,    0.477,    4.632,    0.416, 8135852.535,   1.3515
148, 384.160,  -53.028,  222.677,   56.148,  384.189,  270.727,  284.648,  270.950,  572.427,   3.5289
149, 384.560,   78.337,   11.261,  -78.617,   18.125,  104.224,    3.581,  103.773,    5.696,   5.5794
150, 384.960,  -40.985,   79.192,   27.805,  232.130,   13.158,   16.156,   13.443,   63.904,   5.0839
151, 385.360,  -69.000,  106.595,   58.002,  216.305,   66.144,   38.197,   66.541,   91.376,  10.5345
152, 385.760,   20.505,    4.095,  -31.458,   34.098,    3.670,    0.424,    2.975,    3.458,  17.5714
153, 386.160,  -45.237,   71.662,   28.832,  214.833,   13.059,   13.944,   13.375,   56.652,  11.8689
154, 386.560,  120.863,   10.726, -129.504,   15.685,  222.450,    3.726,  221.926,    5.144,   7.3249
155, 386.960,  -32.745,   40.331,   23.185,  922.611,    0.967,    2.385,    0.866,  111.858,   7.0246
156, 387.360,    3.328,    4.090,    8.229,  844.106,    1.636,    1.526,    0.523,  211.657,  10.2196
157, 387.760,  -26.704,   51.832,   22.713,  599.747,    1.571,    5.159,    1.618,   83.925,   5.9049
158, 388.160,  -36.961,   89.195,   33.574,  240.895,   20.328,   27.449,   20.659,   78.813,   5.3985
159, 388.560,    3.786,    4.287,   -1.365,   75.156,    2.506,    2.007,    1.542,  104.754,  11.3664
160, 388.960,  -44.993,   76.751,   34.794,  179.507,   22.001,   18.604,   22.288,   48.707,   4.6170
161, 389.360,  -29.596,   59.258,   20.748,  293.102,    3.932,    8.664,    4.118,   53.060,   5.7974
162, 389.760,  -61.956,   88.606,   52.221,  149.272,   98.315,   39.722,   98.646,   72.021,   8.8139
163, 390.160,  -36.746,   62.266,   28.060,  321.362,    3.761,    7.045,    3.946,   43.884,   9.1466
164, 390.560,  -29.794,   46.055,   26.923,  872.926,    1.267,    3.767,    1.224,  117.083,   4.8505
165, 390.960,  -48.037,  117.211,   49.113,  280.048,   45.578,   49.695,   45.963,  126.660,  12.5003
166, 391.360,  -28.831,   66.293,   27.779,  544.897,    2.861,    8.821,    3.037,   95.118,  10.8176
167, 391.760,  -54.719,  125.569,   54.039,  258.581,   75.838,   63.622,   76.212,  142.377,   7.4201
168, 392.160,   98.704,   10.674, -100.382,   16.149,  193.765,    4.310,  193.180,    6.477,   7.9750
169, 392.560,  163.575,   10.687, -173.732,   13.557,  837.698,    6.452,  837.195,    7.834,   6.0556
170, 392.960,   85.920,   10.042,  -95.086,   15.203,  176.482,    4.215,  175.931,    5.904,   6.2613
171, 393.360,  -45.899,   80.748,   35.764,  193.449,   20.257,   17.959,   20.529,   49.152,   6.0971
172, 393.760,  -60.060,   94.833,   51.839,  159.629,  103.584,   45.603,  103.911,   82.388,   8.3739
173, 394.160,  -40.430,   79.812,   30.715,  222.192,   14.796,   17.554,   15.082,   58.455,   8.4110
174, 394.560,   89.892,    9.331,  -95.376,   13.962,  219.374,    4.476,  218.732,    6.580,   5.9174
175, 394.960,  -36.145,   66.866,   26.104,  291.196,    4.951,    8.743,    5.162,   48.258,   5.5568
176, 395.360,  -30.933,   63.294,   27.302,  524.103,    2.483,    7.015,    2.631,   79.398,   5.1807
177, 395.760,  -45.340,  105.402,   45.710,  314.987,   20.096,   27.006,   20.419,   89.340,   7.0967
178, 396.160,  -37.844,   91.599,   37.266,  370.889,    9.393,   17.654,    9.681,   83.838,   7.3637
179, 396.560,   11.355,    4.589,  -10.617,   73.935,    2.073,    0.628,    1.290,   10.891,  11.2889
180, 396.960,  -39.749,   59.497,   30.494,  444.488,    2.076,    4.257,    2.192,   43.980,   4.3696
181, 397.360,    3.028,    4.223,    7.109, 1793.769,    1.646,    1.812,    0.498,  980.833,   9.0110
182, 397.760,  -37.019,   74.705,   30.098,  338.823,    5.687,   10.669,    5.926,   60.894,   6.1451
183, 398.160,    4.432,    4.384,   -0.561,   73.108,    2.757,    1.958,    1.716,  273.407,  17.2088
184, 398.560,  -61.253,   96.301,   51.435,  164.678,   97.536,   44.000,   97.864,   83.456,  11.0664
185, 398.960,  -31.611,   59.617,   24.309,  421.040,    2.499,    6.292,    2.637,   59.536,   7.3767
186, 399.360,  -39.460,   93.016,   35.751,  300.932,   14.065,   21.611,   14.373,   81.509,   9.3847
187, 399.760,   80.722,    9.046,  -84.485,   14.264,  167.582,    4.149,  166.878,    6.562,   9.5847
188, 400.160,  -36.969,   68.740,   27.135,  319.939,    4.526,    8.299,    4.729,   50.639,   5.5917
189, 400.560,    0.877,    2.240,    3.353,   92.596,    1.495,    1.418,    1.223,   46.820,  12.9746
190, 400.960,  -31.871,   59.203,   26.524,  519.627,    2.082,    5.655,    2.198,   69.322,   5.0128
191, 401.360,    6.334,    4.761,    0.111,   73.353,    2.884,    1.672,    1.809, 1439.128,  18.8193
192, 401.760,  -35.146,   60.240,   29.349,  509.675,    2.111,    5.175,    2.232,   60.713,   4.9887
193, 402.160,  -33.129,   93.554,   30.169,  303.976,   14.987,   27.618,   15.315,  104.698,   6.4395
194, 402.560,  -44.620,   93.676,   37.260,  210.057,   34.758,   32.375,   35.093,   82.602,   6.3094
195, 402.960,  -36.614,   79.296,   27.338,  306.647,    8.074,   14.116,    8.345,   73.429,   5.4337
196, 403.360,   12.578,    6.451,  -17.068,   78.897,    2.277,    1.145,    1.513,    7.819,   6.6922
197, 403.760,  -50.514,   66.292,   34.222,  137.628,   24.242,   13.715,   24.473,   34.353,   3.8275
198, 404.160,  -39.264,   69.126,   28.843,  231.529,    7.641,   10.228,    7.870,   40.334,   5.1358
199, 404.560,   90.783,   10.712,  -95.779,   16.059,  219.784,    5.217,  219.163,    7.487,   8.1761
200, 404.960,  -32.658,   45.833,   24.380,  723.903,    1.150,    3.027,    1.123,   82.271,   4.0547
201, 405.360,  -32.260,   74.666,   32.958,  560.263,    3.609,   10.056,    3.824,  100.257,   6.0127
202, 405.760,  -30.363,   87.047,   32.110,  484.018,    6.157,   16.921,    6.430,  117.027,  10.7366
203, 406.160,  -32.104,   63.452,   34.722,  508.312,    2.448,    6.587,    2.593,   57.813,   6.0397
204, 406.560,  -57.825,  130.291,   62.741,  335.765,   38.707,   40.706,   39.035,  115.485,   6.3814
205, 406.960,    8.159,    5.058,    1.230,   73.709,    2.900,    1.458,    1.836,  130.042,  17.1317
206, 407.360,   90.441,   10.241,  -96.672,   15.353,  206.348,    4.674,  205.752,    6.686,   6.2043
207, 407.760,  -33.779,   64.119,   26.472,  389.260,    2.920,    6.623,    3.080,   52.468,   4.1898
208, 408.160,  -55.250,  119.356,   51.016,  224.610,   90.701,   63.627,   91.053,  132.704,   7.2271
209, 408.560,  110.809,   11.364, -114.286,   16.548,  239.925,    4.622,  239.397,    6.528,  10.5727
210, 408.960,   -7.942,   26.898,   -2.973,   35.241,  697.729,  333.496,  697.675, 1082.807,  12.9786
211, 409.360,  -47.010,   77.717,   34.764,  146.590,   47.266,   27.936,   47.560,   61.738,   6.5625
212, 409.760,   86.897,   10.085,  -95.003,   15.074,  203.111,    4.671,  202.533,    6.536,   6.2380
213, 410.160,  -36.867,   69.293,   27.033,  262.123,    6.125,    9.713,    6.343,   44.925,   3.7887
214, 410.560,  -64.531,  105.380,   57.670,  178.748,  113.962,   51.699,  114.295,   94.149,   6.0722
215, 410.960,   68.907,   10.391,  -75.449,   20.930,   38.484,    2.045,   37.968,    3.691,   6.1363
216, 411.360,  -38.734,   61.860,   24.661,  228.167,    5.293,    7.309,    5.481,   34.741,   4.3058
217, 411.760,  -28.305,   61.085,   20.411,  369.929,    3.141,    8.293,    3.310,   67.853,   4.8837
218, 412.160,  -32.622,   73.807,   28.320,  353.893,    5.101,   11.186,    5.329,   64.182,   7.2966
219, 412.560,  -50.611,  108.359,   47.536,  230.052,   46.064,   39.077,   46.377,   89.150,   5.9638
220, 412.960,   64.940,   10.563,  -68.461,   22.812,   31.543,    2.009,   31.003,    3.963,   6.3063
221, 413.360,    6.055,    4.010,  -19.615,  199.453,    1.599,    0.763,    0.681,   10.457,   8.9434
222, 413.760,    3.877,    4.436,  -17.317,  520.635,    1.493,    1.412,    0.512,   40.679,   8.7412
223, 414.160,  -30.109,   42.343,   10.566,  613.274,    1.091,    2.884,    1.043,  131.043,   4.4451
224, 414.560,  -32.365,   78.224,   26.261,  309.914,    7.552,   15.101,    7.817,   73.974,   7.1904
225, 414.960,   71.256,   10.633,  -76.048,   22.796,   34.661,    2.008,   34.086,    3.881,   9.5106
226, 415.360,    6.172,    4.873,  -16.836,  406.724,    1.601,    1.153,    0.584,   30.957,  11.3583
227, 415.760,    0.179,    2.300,  -16.652,  568.616,    1.051,    5.290,    0.491,   48.436,  10.7750
228, 416.160,   91.923,   10.867, -113.149,   17.205,  115.172,    3.122,  114.709,    4.023,   4.1450
229,   0.000,  -74.281,   50.635,   60.079,   73.427,  159.907,   22.095,  160.095,   34.464,   5.5579
230,   3.721,  -52.214,   64.778,   39.064,  108.506,   65.889,   23.736,   66.130,   44.830,   5.7228
231,   3.725,  -31.222,   60.788,   21.438,  266.836,    3.994,    7.787,    4.167,   42.319,   5.6870
232,   3.729,   63.040,    9.980,  -69.864,   19.713,   41.043,    2.202,   40.520,    3.916,   5.4062
233,   3.733,  -29.195,   36.348,   19.643, 1011.121,    0.771,    1.960,    0.642,  120.586,   3.2691
234,   3.737,  -31.556,   79.221,   34.273,  444.216,    4.539,   11.599,    4.759,   72.214,   7.7315
235,   3.741,  -27.401,   66.806,   28.282,  534.854,    3.043,    9.803,    3.229,   95.310,   6.6879
236,   3.745,  -29.680,   74.960,   24.497,  428.926,    6.149,   16.498,    6.463,  132.150,  13.8787
237,   3.749,  -82.695,  115.726,   74.240,  217.855,  114.236,   52.311,  114.701,  110.839,  13.2369
238,   3.753,    5.068,    4.317,   -1.101,   72.773,    3.615,    2.180,    2.253,  182.615,  32.6894
239,   3.757,  110.300,   10.773, -118.865,   17.305,  131.712,    3.041,  131.131,    4.544,  10.2137
240,   3.761,   -6.806,   30.740,   -5.847,   34.534, 9802.768, 2623.664, 9802.759, 3317.100,  18.6710
241,   3.765,  -25.880,   46.903,   19.876, 1818.767,    1.058,    3.901,    0.989,  544.324,   5.9972
242,   3.769,    2.387,    3.431,   10.016, 2039.309,    1.213,    1.084,    0.373,  671.633,   5.7020
243,   3.773,  -23.110,  138.840,   30.118,  657.886,   10.082,   41.526,   10.268,  270.399,   1.8603
244,   3.777,   14.416,    9.697,   -4.264,  253.622,    0.698,    0.739,    0.383,   34.747,   1.8839
245,   3.781,   16.334,   53.867,  -13.563,   58.137, 11584.264, 1479.050, 11584.376, 1868.593,   1.5196
246,   3.785,   27.249,   61.010,  -16.275,  303.279,    2.715,    6.624,    2.845,   49.146,   3.0533
247,   3.789,   52.313,   88.881,  -36.722,  140.074,  166.644,   69.108,  167.031,  141.346,   8.3622
248,   3.793,   39.728,   66.457,  -19.117,   92.059,  391.222,  114.450,  391.598,  293.779,  11.4628
249,   3.797,   63.096,   67.834,  -41.275,   94.690,  327.226,   63.036,  327.565,  119.853,   8.2567
250,   3.801,   58.572,   69.831,  -42.320,  165.069,   18.648,   11.452,   18.912,   31.074,   5.1865
251,   3.805,   91.944,   22.275,  -87.108,   12.911,   68.795,    4.482,   69.178,    2.883,   3.9400
253,   3.813,   15.025,   40.022,    3.589, 1254.946,    0.692,    3.775,    0.601,  920.174,   1.7222
254,   3.817,   -2.882,    4.417,   13.167,  800.862,    0.901,    1.142,    0.292,   66.635,   3.0547
255,   3.821,   10.460,   36.900,    4.088, 5057.715,    0.510,    3.804,    0.392, 8517.564,   1.8116
256,   3.825,    7.004,   35.492,    2.302,  261.462,    0.976,    7.880,    0.958,  117.141,   2.0223
257,   3.829,    6.437,  407.826,   -1.413,    3.876,    0.264,   37.168,    0.740,    1.437,   2.3227
259,   3.837,   11.148,   36.522,    4.459, 64347.770,    0.414,    2.884,    0.308, 989501.363,   1.3283
260,   3.841,    2.792,   38.775,    5.719, 1272.514,    0.567,   16.192,    0.482,  480.273,   1.8711
263,   3.853,   26.826,   36.061,  -12.191,  102.471,    3.859,    3.677,    3.912,   15.804,   1.2266
264,   3.857,   18.055,  146.546,  -16.015,  148.855, 2221879.506, 140966.944, 2221879.663, 161356.316,   1.4419
265,   3.861,   -3.951,    7.189,    7.286,  762.819,    0.632,    1.563,    0.246,   90.892,   1.3647
267,   3.869,   23.735,   97.613,  -18.587,  336.382,    6.479,   17.883,    6.626,   88.504,   1.6666
268,   3.873,   30.110,  199.240,  -35.408,  420.421,   69.419,  154.733,   69.571,  367.825,   0.9545
269,   3.877,   16.955,   40.701,  -23.410,   12.232,    4.887,    6.791,    5.125,    1.824,   2.2915
270,   3.881,    3.924,   94.374,    1.504,   70.214,  187.690,  641.078,  187.553, 1376.864,   1.0691
271,   3.885,    3.918,  433.808,   -0.481,    2.458,    0.216,   56.559,    0.480,    1.037,   1.5195
272,   3.889,    5.175,  725.917,   -0.491,    4.649,    0.195,   94.634,    0.592,    4.910,   1.0430
273,   3.893,    4.536,  324.543,   -0.009,    0.912,    0.221,   31.526,    0.021,    0.320,   1.6874
274,   3.897,   28.213,   65.338,  -22.496,  104.213,   38.035,   22.857,   38.140,   39.091,   0.7873
275,   3.901,   10.719,   32.584,  -11.101, 1811.970,    0.398,    2.519,    0.294,  314.895,   0.9044
276,   3.905,  -12.771,    8.153,   10.365, 3395.343,    0.646,    0.631,    0.245, 1126.952,   2.7276
277,   3.909,    3.721,   21.747,    7.537,  808.357,    0.495,    5.817,    0.312,  110.463,   2.2787
278,   3.913,   10.991,   28.861,   -3.946,  771.315,    0.441,    2.347,    0.328,  191.726,   1.3123
279,   3.917,    9.018,   47.943,   -9.510,  559.318,    0.715,    6.620,    0.722,   80.494,   1.1041
280,   3.921,    3.524,  942.735,   -5.158,    8.066,    0.228,  256.810,    0.564,    1.321,   1.8545
282,   3.929,  -23.895,  624.704,   37.873, 1392.704, 1370.012, 10790.962, 1370.203, 28465.799,   1.8290
283,   3.933,    5.612,   25.209,   11.119, 72108.238,    0.423,    3.925,    0.248, 426491.952,   1.4640
284,   3.937,    7.824,   22.360,    4.322, 133813.105,    0.422,    2.471,    0.232, 3594361.785,   1.0857
286,   3.945,    0.686,  668.544,    5.399, 1359.253, 2014.128, 538588.661, 2014.309, 243497.807,   1.7254
287,   3.949,    3.019,   35.112,    6.269,  791.337,    0.547,   12.807,    0.458,  168.509,   1.5158
289,   3.957,    4.355,   27.410,    4.490, 1375.867,    0.501,    6.491,    0.338,  540.680,   1.2885
290,   3.961,   44.842,   57.627,  -38.787,   75.223,  209.372,   38.024,  209.474,   51.926,   0.8192
291,   3.965,  -61.923,  718.172,   70.454,  982.221, 22493.939, 36387.161, 22494.176, 55599.448,   2.5395
292,   3.969,    5.966,   20.345,    8.799,  860.124,    0.583,    3.986,    0.352,  121.745,   2.0088
296,   3.985,    5.339,   21.309,   11.707, 1898.362,    0.612,    4.958,    0.351,  421.075,   2.7901
297,   3.989,   49.543,   39.672,  -35.117,   68.981,   29.386,    7.460,   29.467,   14.966,   1.7545
298,   3.993,   22.478,   19.818,  -19.630,    9.917,   22.357,    6.870,   22.660,    3.944,   1.8405
299,   3.997,   14.658,   25.859,  -12.034,  612.388,    0.453,    1.602,    0.328,   41.435,   1.3681
300,   4.001,  -24.363,  280.448,   27.879,  242.198, 10442.056, 9039.969, 10441.842, 6502.626,   2.5840
301,   4.005,   11.441,   50.398,   -9.209,  242.661,    1.460,    7.391,    1.521,   33.521,   1.2458
304,   4.017,   12.755,   44.335,   -9.395,  771.991,    0.567,    3.775,    0.542,  118.286,   1.4956
305,   4.021,    8.355,   40.525,  -12.681, 1156.436,    0.486,    4.796,    0.428,  157.356,   0.9372
306,   4.025,   -9.452,    8.873,    4.539, 3538.413,    0.563,    0.857,    0.222, 2520.314,   1.5914
307,   4.029,  -46.047,  796.305,   60.380, 1276.907, 9959.261, 33977.561, 9959.481, 60705.792,   2.3690
308,   4.033,   19.879,   19.686,   -5.546,  192.983,    0.641,    1.085,    0.527,   20.073,   0.9659
309,   4.037,    4.178,   80.495,   -3.385,  263.407,    4.864,   65.617,    4.991,  253.222,   0.9988
310,   4.041,    7.849,   34.807,   -8.293,  971.985,    0.473,    4.286,    0.385,  160.291,   1.2633
311,   4.045,    3.235,  451.289,   -4.760,    6.181,    0.225,   73.234,    0.578,    0.875,   1.1115
313,   4.053,   61.029,   34.398,  -52.382,   40.845,  869.582,   43.390,  869.607,   56.843,   1.0058
315,   4.061,   14.991,   21.348,   -6.381,  544.117,    0.471,    1.329,    0.314,   62.349,   0.9591
316,   4.065,  -29.582,   12.318,   27.939,   14.996,  774.006,   31.688,  773.760,   40.873,   1.2667
317,   4.069,  -62.120,  711.683,   69.218,  883.781, 41539.394, 47598.610, 41539.563, 62452.010,   1.0692
320,   4.081,    6.399,   39.631,   -2.284,    9.012,    2.247,   10.080,    2.501,    7.496,   1.7253
322,   4.089,   16.023,   16.258,   -9.531,  892.390,    0.426,    0.849,    0.232,   82.060,   1.0637
323,   4.093,   12.980,  162.920,  -21.168,  547.135,   16.036,  106.944,   16.179,  349.191,   1.0854
324,   4.097,   -4.584,    5.700,   -2.174,  581.286,    0.523,    0.705,    0.189,  144.121,   1.2687
325,   4.101,   11.658,   15.406,  -11.368,   10.885,  118.598,   27.388,  118.812,   19.637,   1.1832
326,   4.105, -106.707,  872.930,  113.050, 1075.867, 82123.905, 64731.982, 82124.077, 88947.580,   1.5093
327,   4.109,    8.061,   20.317,    0.941,   17.366, 1615.136,  316.432, 1615.314, 2367.596,   1.1682
328,   4.113,  -14.334,   34.396,   17.640,  102.105,    6.740,   12.105,    6.830,   19.784,   6.2497
329,   4.117,   11.296,   14.498,   -6.650, 1264.076,    0.419,    1.046,    0.212,  211.682,   1.5099
330,   4.121,    8.055,   16.233,  -10.992,   12.446,  291.776,   78.018,  291.997,   44.040,   1.1682
331,   4.125,   12.135,  734.502,  -11.469,  526.945, 5484.517, 62136.927, 5484.361, 37513.205,   1.0987
332,   4.129,   12.576,   69.931,  -12.040,  227.615,    3.730,   15.287,    3.836,   44.991,   1.0726
333,   4.133,    7.237,  124.069,   -8.016,  348.660,   12.231,  107.830,   12.366,  330.401,   1.1256
334,   4.137,    4.161,   67.079,   -4.623,  202.737,    3.964,   44.420,    4.064,  100.443,   0.9397
335,   4.141,   26.934,  636.736,  -24.520,  464.018, 4172.660, 17379.078, 4172.514, 11332.287,   0.8876
336,   4.145,    6.036,   19.199,   -3.786, 40308.084,    0.381,    2.456,    0.196, 320636.399,   1.4669
337,   4.149,   -8.465,   17.381,    5.592,   41.397,    8.441,    8.684,    8.352,   25.489,   1.2094
339,   4.157,   11.593,   53.042,   -9.571,  236.522,    1.653,    8.070,    1.721,   33.616,   1.4197
340,   4.161,    7.927,  115.739,  -10.749,  230.719,   25.507,  132.887,   25.636,  200.110,   1.2125
341,   4.165,   10.484,   17.991,  -13.645, 1055.333,    0.430,    1.472,    0.240,   80.694,   1.1117
342,   4.169,   -0.703,  851.270,   -5.306, 1056.454, 62338.941, 7494604.218, 62339.095, 1462780.148,   1.4857
343,   4.173,  -13.746,  197.870,   18.004,  747.988,   25.991,  198.586,   26.166, 1108.965,   2.1175
345,   4.181,   26.731,   18.077,  -20.580,   22.939,  553.979,   45.630,  553.794,   72.337,   2.7070
347,   4.189,    5.750,   11.131,    2.410,   33.190,    4.425,    5.037,    4.246,   31.211,   1.3454
348,   4.193,    8.767,   14.152,   -9.985, 1349.404,    0.427,    1.334,    0.212,  160.863,   1.3841
349,   4.197,    4.914,   16.442,  -10.783,   12.240,  215.703,  106.413,  215.928,   36.280,   1.0094
