yIndex,   yValue,        a,       Ta,        b,       Tb,     e(a),    e(Ta),     e(b),    e(Tb),      SSR,       DF, chi-sq/ndf
    0,   2.8010,   1.9831,  14.5884,   1.4700,  48.1216,   4.0622,  34.5112,   4.6553,  79.9334, 7.8213e+03,   803,  1.00963 
    1,   2.8050,   7.4835,  22.1001,  -2.7893,  32.1783, 130.1150,  82.6683, 130.7803, 261.4742, 6.8897e+03,   803,  1.01001 
    2,   2.8090,   9.1036,  21.5202,  -4.2293,  48.0408,  13.5471,  17.8601,  14.1156,  58.2610, 6.9355e+03,   803,  0.93723 
    3,   2.8130,   6.9670,  17.8380,  -0.6873,  73.2918,   2.8101,   9.9279,   3.2708, 234.1464, 8.4696e+03,   803,  1.00266 
    4,   2.8170,   5.2731,  15.1399,   0.6021, 101.6991,   1.2105,   7.2184,   1.3338, 222.7222, 6.2012e+03,   803,  0.71871 
    5,   2.8210,   3.9685,  14.6847,   1.0118,  60.4223,   2.3044,  12.9529,   2.7197, 103.8398, 6.7047e+03,   803,  0.72961 
    6,   2.8250,   8.3528,   5.7572,   1.2993, 130.2031,   2.6701,   2.1912,   0.4834,  78.4480, 7.2603e+03,   803,  1.11801 
    7,   2.8290,   5.7747,   6.2853,   1.4460,  85.7921,   2.3844,   3.5208,   0.6626,  46.8196, 7.3006e+03,   803,  0.78497 
    8,   2.8330,   5.0468,  11.1891,   0.9022, 102.6010,   1.3614,   6.0449,   0.9987, 128.2994, 7.9737e+03,   803,  1.14493 
    9,   2.8370,   2.9979,  23.4305,   0.7679,  68.5934,   6.3564,  40.0184,   6.8406, 312.5393, 6.9022e+03,   803,  1.01398 
   10,   2.8410,   5.3912,  33.3463,  -1.9212,  39.3499, 1623.6280, 865.5052, 1624.1630, 2668.8282, 6.5550e+03,   803,  1.31912 
   12,   2.8490,   4.3547,  22.2438,  -0.1281,  50.0071,  14.5154,  41.4635,  15.1179, 2175.6563, 8.1393e+03,   803,  1.22899 
   13,   2.8530,   3.8389,  16.2551,   0.2806,  47.4263,   5.0927,  20.0427,   5.6426, 451.3149, 6.2107e+03,   803,  1.05001 
   14,   2.8570,   5.4109,  12.6287,   0.6906,  67.2366,   1.6231,   7.4519,   1.8332, 136.3913, 7.4059e+03,   803,  1.05878 
   15,   2.8610,   6.6028,  25.0431,  -1.7041,  23.4617, 29068.9497, 3530.3963, 29068.1196, 13316.2339, 9.0834e+03,   803,  0.85509 
   16,   2.8650,   5.6373,  29.1572,  -2.2408,  68.2317,  15.5838,  43.7629,  16.1055, 201.3618, 8.0224e+03,   803,  0.96747 
   17,   2.8690,   4.6623,  19.2503,  -0.2177,  83.3161,   2.5659,  14.7316,   2.9831, 825.3057, 7.6092e+03,   803,  1.36416 
   18,   2.8730,   5.8983,  12.0637,   0.5819,  96.6539,   1.2978,   5.5487,   1.1262, 195.5247, 7.5863e+03,   803,  1.12588 
   19,   2.8770,   4.8754,  13.3314,   0.4822,  54.8959,   2.3347,  10.0885,   2.7680, 197.7365, 7.0865e+03,   803,  1.40838 
   20,   2.8810,   3.8126,  21.6905,   0.2350,  75.5162,   3.6585,  21.4851,   4.0717, 789.7922, 5.6831e+03,   803,  0.60739 
   21,   2.8850,   8.6545,  25.1994,  -3.4887,  34.5975, 206.5150, 105.7203, 207.1006, 304.5863, 6.1795e+03,   803,  0.71634 
   22,   2.8890,   8.7540,  24.8524,  -3.6670,  52.1478,  19.1875,  26.2812,  19.7516,  96.0143, 7.6069e+03,   803,  0.74820 
   23,   2.8930,   5.4548,  24.0063,  -1.5243,  56.5914,  12.7082,  32.9514,  13.2671, 195.6182, 7.8687e+03,   803,  1.05346 
   24,   2.8970,   4.2634,  11.1031,   1.8978,  66.8599,   1.4213,   7.6440,   1.4341,  41.0921, 6.5516e+03,   803,  0.70567 
   25,   2.9010,   5.9316,  12.2384,  -0.6923,  89.4635,   1.2708,   5.3001,   1.0950, 136.4039, 7.2646e+03,   803,  1.48905 
   26,   2.9050,   3.4406,  13.6968,   0.9809,  96.1114,   1.1468,   9.6682,   1.1807, 114.0149, 5.8445e+03,   803,  0.96783 
   27,   2.9090,   3.8379,  18.3461,   0.4576,  85.6547,   1.9307,  14.1531,   2.2693, 324.6683, 5.8751e+03,   803,  0.67789 
   28,   2.9130,   5.4913,  11.9300,   0.5883,  80.3003,   1.3708,   6.2358,   1.3308, 164.3925, 7.3538e+03,   803,  0.81652 
   29,   2.9170,   7.0005,  19.6492,  -1.9162,  96.6706,   2.1492,   9.2659,   2.5238, 104.9151, 7.6074e+03,   803,  1.16757 
   30,   2.9210,   7.3234,  13.5630,  -0.0886,  88.0665,   1.2675,   4.8995,   1.3474, 1231.6430, 6.4715e+03,   803,  0.99098 
   31,   2.9250,   6.0479,  21.3949,  -0.9880,  93.8998,   2.5912,  12.0711,   2.9831, 215.6844, 6.7337e+03,   803,  0.87418 
   32,   2.9290,   8.1229,  10.3956,  -0.1255,  94.4358,   1.2823,   3.1932,   0.8791, 719.4213, 6.2825e+03,   803,  1.06202 
   33,   2.9330,   4.4592,   8.3297,   2.8329,  50.1095,   1.7116,   6.3732,   1.4892,  20.2377, 6.5058e+03,   803,  0.92946 
   35,   2.9410,   6.0074,  14.2984,   0.8436,  47.0968,   4.0516,  11.1915,   4.6499, 135.6178, 7.7346e+03,   803,  1.05389 
   36,   2.9450,   8.8363,  17.2387,  -2.8032,  27.8907,  68.6720,  39.3841,  69.5099, 150.0051, 7.7738e+03,   803,  1.35479 
   37,   2.9490,   3.3454,  20.5664,   0.3071,  53.1476,   7.5350,  33.1085,   8.0351, 599.5186, 5.8460e+03,   803,  0.67288 
   38,   2.9530,   4.9863,  36.4576,  -0.8722,  37.9792, 115171.3374, 17367.3160, 115171.8914, 101686.6756, 7.2193e+03,   803,  1.21544 
   39,   2.9570,   5.7338,  17.8906,  -0.7066,  11.2954,  98.5629,  63.2144,  97.2106, 442.2668, 7.2608e+03,   803,  0.93110 
   40,   2.9610,   5.0055,  21.3946,  -0.5299,  38.3194,  32.9102,  51.5446,  33.5028, 638.2296, 6.1930e+03,   803,  0.64904 
   41,   2.9650,   8.0904,  22.8522,  -2.7016,  81.2939,   3.9096,  11.3276,   4.3395,  81.9471, 6.4280e+03,   803,  1.12427 
   42,   2.9690,  12.0691,  29.0141,  -6.0675,  58.0768,  22.9999,  23.5438,  23.4724,  73.6694, 5.9881e+03,   803,  1.03419 
   44,   2.9770,  13.0637,  25.1996,  -7.6176,  40.4787,  64.1267,  34.4446,  64.6914,  75.1298, 6.4212e+03,   803,  1.37580 
   45,   2.9810,  13.0840,  20.9424,  -6.8572,  27.8593, 159.6192,  40.6778, 160.0054,  86.9531, 6.7555e+03,   803,  1.13156 
   47,   2.9890,   5.5995,  15.7843,   0.2810,  89.9789,   1.5781,   8.5079,   1.8329, 510.1713, 7.7325e+03,   803,  1.05785 
   48,   2.9930,   6.0372,  12.6947,   0.6502,  40.9260,   4.2697,  10.4818,   4.9305, 156.9760, 7.5148e+03,   803,  0.79059 
   50,   3.0010,  14.3018,  24.8781,  -7.3775,  35.8831, 137.1237,  49.3893, 137.7174, 114.0327, 6.4671e+03,   803,  1.14275 
   51,   3.0050,  11.0202,  21.6136,  -4.1848,  45.7349,  16.3266,  16.2517,  16.8980,  62.5364, 6.7239e+03,   803,  0.97672 
   53,   3.0130,  12.8911,  26.3018,  -5.2085,  30.8558, 1779.4844, 304.2375, 1780.1500, 810.0793, 7.5588e+03,   803,  1.00489 
   54,   3.0170,   9.0715,  26.8102,  -3.7618,  73.2854,   7.4857,  15.3304,   7.9001,  75.3477, 5.2566e+03,   803,  0.81407 
   55,   3.0210,  10.0910,  17.7823,  -2.5285,  88.8137,   1.9028,   5.5358,   2.2464,  63.5323, 7.2251e+03,   803,  0.75386 
   56,   3.0250,  11.0654,  32.4774,  -5.7996,  61.0756,  34.9059,  37.8698,  35.3884, 112.9138, 6.6275e+03,   803,  0.93280 
   57,   3.0290,   9.3933,  22.2152,  -2.8427,  89.4858,   2.9619,   8.3044,   3.3571,  74.7281, 6.1576e+03,   803,  0.68974 
   58,   3.0330,   5.5790,  17.9233,  -0.2372, 115.3839,   1.5897,   9.8604,   1.8569, 924.4912, 8.8512e+03,   803,  1.40411 
   59,   3.0370,   9.3592,  28.3389,  -3.8127,  74.3809,  10.3724,  20.1490,  10.8566, 100.1550, 7.2525e+03,   803,  1.29475 
   60,   3.0410,   9.1909,  32.1273,  -3.8223,  80.1742,  13.1456,  26.1517,  13.5946, 130.7740, 6.5668e+03,   803,  1.06930 
   61,   3.0450,   7.5818,  19.3387,  -0.7406,  74.0235,   2.3003,   7.4395,   2.6039, 165.2791, 5.9561e+03,   803,  1.11686 
   62,   3.0490,   8.0375,  12.8695,   1.2639,  76.1632,   1.4217,   4.6566,   1.5436,  77.8274, 6.9844e+03,   803,  1.01674 
   63,   3.0530,   4.4039,  19.4266,   2.1624,  50.7815,   7.4614,  24.4040,   7.9996,  81.2521, 6.4342e+03,   803,  1.07156 
   64,   3.0570,   9.3353,  20.2601,  -1.6115,  52.8349,   7.7966,  12.3248,   8.3338, 118.7140, 6.6997e+03,   803,  1.17949 
   65,   3.0610,  11.1822,  14.9935,  -1.8650,  79.7177,   1.5542,   3.8992,   1.8116,  62.1735, 6.6067e+03,   803,  0.83041 
   66,   3.0650,  12.6052,  15.7319,  -3.1082,  34.3412,  15.2971,  10.9032,  16.0636,  60.7730, 7.6841e+03,   803,  1.43038 
   67,   3.0690,  10.5531,  12.4007,  -0.0794,  45.1552,   3.1089,   5.1123,   3.6725, 1170.0922, 7.3950e+03,   803,  0.75304 
   68,   3.0730,   7.6184,  15.8911,   0.3110,  53.8979,   3.5231,   8.5396,   4.0277, 380.8026, 6.5887e+03,   803,  0.90399 
   69,   3.0770,  19.4741,  20.5578, -11.0279,  29.5011, 161.3354,  35.1662, 162.1096,  72.1896, 8.1751e+03,   803,  0.90654 
   70,   3.0810,   9.6732,  19.2321,  -1.5212,  56.2013,   5.9557,  10.3800,   6.5142, 117.3381, 7.7817e+03,   803,  0.80056 
   71,   3.0850,   9.2438,  14.7539,  -1.3865,  85.5639,   1.4316,   4.5103,   1.6336,  86.7935, 6.8180e+03,   803,  0.82557 
   72,   3.0890,   8.5977,  22.3692,  -1.8140,  72.6526,   5.0338,  12.2669,   5.5251, 125.2572, 7.5933e+03,   803,  0.85606 
   73,   3.0930,  10.2336,  15.9468,  -1.1468,  70.7026,   2.2247,   5.4677,   2.6254, 112.8373, 7.7315e+03,   803,  1.04715 
   74,   3.0970,  10.9567,  11.1418,   0.3156,  89.9776,   1.3129,   2.7246,   1.0570, 307.1945, 7.0663e+03,   803,  1.01076 
   76,   3.1050,  14.1535,  20.4642,  -4.5882,  52.0671,   9.0016,   9.0997,   9.5787,  45.9855, 7.6229e+03,   803,  0.76336 
   77,   3.1090,  12.7743,  22.0074,  -2.6807,  43.7063,  21.3922,  16.5754,  21.9759, 111.1943, 6.8034e+03,   803,  0.82859 
   78,   3.1130,  12.8476,  12.3909,   0.2503,  91.7307,   1.2815,   2.6064,   1.1979, 434.7656, 7.2123e+03,   803,  1.24672 
   79,   3.1170,  13.4289,  17.2012,  -2.4476,  57.6713,   3.5204,   4.9921,   3.9870,  51.4689, 5.9355e+03,   803,  0.96475 
   80,   3.1210,  14.2321,  14.9013,  -1.6616,  81.6566,   1.4453,   2.8899,   1.6741,  67.6689, 6.1447e+03,   803,  1.00292 
   81,   3.1250,  14.2398,  18.1662,  -2.4078,  57.1045,   4.3675,   5.5474,   4.8629,  59.8988, 6.6816e+03,   803,  1.08122 
   82,   3.1290,  20.3108,  19.8795,  -8.7774,  29.9956, 105.4382,  24.8587, 106.1898,  68.2362, 7.6121e+03,   803,  0.75328 
   83,   3.1330,  21.5315,  17.8337,  -9.7422,  25.2266, 181.5369,  29.8122, 182.3813,  75.3548, 7.3240e+03,   803,  0.63094 
   84,   3.1370,  10.6665,  23.7792,  -2.3435,  53.2111,  14.7925,  17.9457,  15.3561, 129.1724, 7.6153e+03,   803,  1.08745 
   85,   3.1410,  12.9195,  19.0680,  -2.2800,  81.1199,   2.4741,   5.0230,   2.8735,  72.4447, 6.7778e+03,   803,  1.10400 
   86,   3.1450,  14.8971,  25.8955,  -4.5437,  51.8337,  21.5698,  16.5108,  22.0829,  80.9140, 6.9229e+03,   803,  1.24266 
   87,   3.1490,  15.5482,  22.3610,  -4.0869,  50.2530,  13.5934,  10.9100,  14.1540,  64.1688, 7.0854e+03,   803,  0.83455 
   88,   3.1530,  15.7276,  22.2377,  -3.9221,  75.9545,   4.3285,   6.0965,   4.7903,  55.3029, 7.0361e+03,   803,  1.06069 
   89,   3.1570,  17.0917,  21.5471,  -5.6361,  88.0804,   2.8595,   4.4212,   3.2597,  36.1756, 6.4112e+03,   803,  1.02145 
   90,   3.1610,  15.4094,  21.8696,  -4.7196,  70.2055,   5.2947,   7.0227,   5.8144,  48.0433, 8.2817e+03,   803,  0.91495 
   91,   3.1650,  17.9289,  19.2722,  -5.0219,  62.2000,   4.1586,   4.4748,   4.6277,  31.0014, 6.2252e+03,   803,  0.76918 
   93,   3.1730,  22.4891,  26.8524, -10.3969,  40.3013, 107.1283,  29.5464, 107.7051,  78.9483, 6.9072e+03,   803,  1.04364 
   94,   3.1770,  15.1399,  22.4130,  -3.0286,  19.1875, 2250.8141, 247.9735, 2249.8627, 1167.9533, 8.8391e+03,   803,  1.37870 
   95,   3.1810,  17.8004,  26.9298,  -5.1958,  78.4776,   6.8283,   7.7250,   7.2579,  57.9843, 5.9174e+03,   803,  0.65985 
   96,   3.1850,  16.8857,  25.1094,  -3.3236,  91.9828,   4.4332,   6.5792,   4.8854,  90.3481, 7.5373e+03,   803,  1.12195 
   97,   3.1890,  21.2602,  23.8505,  -6.6321,  55.2207,  12.4976,   8.0496,  13.0234,  42.0262, 6.8246e+03,   803,  0.89783 
   98,   3.1930,  20.3322,  20.2034,  -3.9559,  79.2783,   3.1073,   3.7822,   3.5491,  47.4460, 7.3490e+03,   803,  0.96021 
   99,   3.1970,  20.7871,  17.3233,  -2.8965, 104.4357,   1.5452,   2.4419,   1.8077,  61.8368, 7.6705e+03,   803,  1.00487 
  100,   3.2010,  30.5345,  23.4211, -11.7917,  46.4109,  23.6323,   8.0108,  24.2341,  29.7384, 7.7841e+03,   803,  1.02573 
  101,   3.2050,  37.3286,  25.3961, -17.1235,  51.6407,  20.3245,   6.2791,  20.8464,  20.6119, 6.5123e+03,   803,  0.64058 
  102,   3.2090,  33.5121,  23.5239, -11.1686,  57.7088,  10.4659,   4.6308,  10.9918,  23.6160, 7.0505e+03,   803,  0.68848 
  104,   3.2170,  41.0208,  21.9799, -12.2370,  80.1761,   4.2480,   2.4546,   4.7539,  19.8182, 9.0106e+03,   803,  1.35802 
  105,   3.2210,  37.4867,  21.0590,  -9.9045,  88.0731,   3.1894,   2.2796,   3.6568,  23.4382, 8.9981e+03,   803,  1.38454 
  106,   3.2250,  37.7933,  24.9896, -15.2836,  55.2534,  15.0830,   5.2418,  15.6059,  20.7562, 6.8244e+03,   803,  0.63594 
  107,   3.2290,  25.6588,  18.7205,  -5.3881,  85.6857,   2.1793,   2.3674,   2.5539,  30.6787, 6.8441e+03,   803,  0.94129 
  108,   3.2330,  32.9821,  26.3383, -15.0460,  49.9275,  28.5161,   9.0094,  29.0526,  28.5470, 6.8121e+03,   803,  0.97344 
  109,   3.2370,  24.1670,  24.0176,  -9.2840,  34.7874, 142.3742,  29.7673, 143.0301,  92.0421, 7.5434e+03,   803,  1.29199 
  110,   3.2410,  27.4732,  23.3056, -10.8089,  37.1798,  71.4768,  16.7560,  72.1257,  53.1139, 7.6232e+03,   803,  1.11528 
  112,   3.2490,  25.9286,  37.5761, -14.0896,  61.1888,  78.4458,  30.4634,  78.8917,  81.1488, 5.9240e+03,   803,  0.94149 
  113,   3.2530,  27.1054,  25.9596, -14.1351,  41.0822,  75.3801,  19.2870,  75.9703,  46.9054, 7.1965e+03,   803,  0.83453 
  114,   3.2570,  24.7217,  29.5632, -11.5126,  61.3739,  21.0931,  11.3539,  21.5730,  39.9963, 6.4070e+03,   803,  0.59547 
  116,   3.2650,  20.4717,  24.4185,  -9.8741,  28.7231, 1621.2955, 165.2495, 1621.9687, 367.6559, 6.9317e+03,   803,  1.04809 
  118,   3.2730,  16.0643,  31.4625,  -4.1552,  76.9701,  12.6605,  13.8767,  13.0858, 107.6726, 5.7573e+03,   803,  0.99898 
  119,   3.2770,  24.3184,  34.2928, -13.1995,  56.2538,  72.8178,  28.4961,  73.3129,  74.0949, 6.8190e+03,   803,  0.74508 
  120,   3.2810,  25.8422,  35.9687, -14.6410,  61.2074,  64.0514,  26.4982,  64.5396,  69.4257, 7.0069e+03,   803,  1.40074 
  121,   3.2850,  18.0822,  31.3255,  -7.0005,  58.3789,  34.8634,  22.1692,  35.3529,  87.3847, 6.5908e+03,   803,  0.88452 
  122,   3.2890,  23.6152,  37.6150, -13.6452,  61.5219,  70.0357,  30.2175,  70.4435,  75.9578, 6.2713e+03,   803,  0.66683 
  123,   3.2930,  17.8493,  35.9767,  -8.0697,  68.8162,  38.1273,  28.4447,  38.6078, 104.7379, 7.1530e+03,   803,  0.97212 
  124,   3.2970,  22.9840,  37.4472, -12.2163,  72.4354,  39.4262,  23.9477,  39.9111,  77.3514, 7.5239e+03,   803,  0.88268 
  125,   3.3010,  23.8402,  29.4638, -10.6160,  44.6661, 118.9948,  34.5041, 119.6142,  98.3330, 8.8849e+03,   803,  1.48608 
  126,   3.3050,  18.3848,  36.7041,  -7.0674,  76.4747,  26.2857,  22.1369,  26.7185, 106.0328, 6.1046e+03,   803,  0.81295 
  127,   3.3090,  21.8323,  24.4993, -10.5508,  31.9881, 373.7014,  61.0380, 374.3612, 142.5018, 7.2598e+03,   803,  1.26598 
  128,   3.3130,  22.9053,  37.2417, -11.6867,  68.8109,  46.7366,  26.2235,  47.2222,  83.9057, 7.3720e+03,   803,  1.17432 
  129,   3.3170,  27.2722,  39.1984, -14.3614,  65.4843,  81.6608,  32.9361,  82.1554,  94.2418, 7.6002e+03,   803,  1.30746 
  131,   3.3250,  20.9230,  33.1518,  -6.9306, 100.7648,   8.4464,   9.3883,   8.8625,  76.4600, 6.3107e+03,   803,  0.96657 
  132,   3.3290,  23.2623,  32.1111,  -7.7731,  84.3520,  11.4998,   9.6287,  11.9436,  63.5312, 6.5810e+03,   803,  0.98814 
  133,   3.3330,  33.0471,  31.5190, -15.5647,  53.4167,  52.3909,  15.1538,  52.8656,  45.3429, 5.9275e+03,   803,  0.92203 
  134,   3.3370,  30.1206,  35.1915, -13.0054,  83.2526,  18.2780,  10.9235,  18.7468,  52.4591, 7.3698e+03,   803,  1.24603 
  135,   3.3410,  35.8410,  32.6985, -15.2228,  62.1496,  36.6686,  12.5808,  37.1920,  46.8939, 7.8824e+03,   803,  1.01220 
  136,   3.3450,  39.2428,  32.2024, -14.0180,  76.8095,  14.7912,   6.5057,  15.2398,  36.0697, 6.4163e+03,   803,  1.16883 
  137,   3.3490,  48.6964,  30.7472, -19.5322,  59.3553,  30.6118,   7.6000,  31.1191,  29.6093, 7.1038e+03,   803,  1.44704 
  138,   3.3530,  45.5596,  28.5949, -12.0839,  76.2629,   9.3967,   3.8453,   9.8458,  30.0471, 6.3372e+03,   803,  0.91581 
  139,   3.3570,  48.9655,  26.1050,  -9.3910,  82.9834,   5.8818,   2.6341,   6.3367,  32.4242, 6.9375e+03,   803,  1.00341 
  142,   3.3690,  56.9872,  28.3075, -20.7050,  57.3201,  26.0780,   5.6663,  26.6551,  24.5105, 8.7991e+03,   803,  1.07502 
  144,   3.3770,  25.9337,  36.5044, -15.9848,  61.0476,  64.6230,  25.9842,  65.0645,  61.9095, 5.7519e+03,   803,  0.94208 
  145,   3.3810,  -0.5133,  34.1372,  -1.2577,  73.7097,  21.7966, 660.9787,  22.2498, 496.3116, 6.4838e+03,   803,  1.08052 
  146,   3.3850, -12.4093,  18.3771,  -0.9197,  91.0761,   2.0026,   4.7751,   2.3614, 189.1972, 7.4910e+03,   803,  0.91619 
  147,   3.3890, -24.2192,  24.5114,   4.0985,  72.2060,   6.7090,   5.3929,   7.1983,  66.1223, 7.3040e+03,   803,  1.39733 
  149,   3.3970, -45.6361,  23.0176,  11.4075,  58.5554,   9.7607,   3.3004,  10.3132,  22.9040, 7.8600e+03,   803,  0.73036 
  150,   3.4010, -47.5917,  23.0098,  10.7517,  73.5348,   4.6978,   2.0561,   5.1292,  19.6713, 5.8583e+03,   803,  0.85111 
  151,   3.4050, -40.1282,  20.2308,   9.6699,  79.9802,   3.3711,   2.0964,   3.8538,  21.4301, 8.8717e+03,   803,  1.29810 
  152,   3.4090, -36.3810,  22.1055,   6.6579,  86.9246,   3.1879,   2.2497,   3.6035,  32.4038, 6.6252e+03,   803,  1.16140 
  153,   3.4130, -37.5250,  23.6302,   9.7809,  69.1413,   6.4416,   3.2522,   6.9267,  25.0847, 6.9671e+03,   803,  0.72204 
  154,   3.4170, -35.4634,  20.8964,   7.8912,  88.1487,   2.8864,   2.1936,   3.3154,  26.8487, 7.7489e+03,   803,  0.85113 
  155,   3.4210, -44.0247,  25.3718,  16.5238,  56.9224,  15.5773,   4.8066,  16.1321,  20.9124, 7.8724e+03,   803,  0.91778 
  156,   3.4250, -40.2738,  22.8637,  11.3061,  68.7064,   6.3338,   3.0293,   6.8570,  21.8019, 8.1070e+03,   803,  0.89708 
  157,   3.4290, -44.2131,  23.9173,  14.5855,  54.1492,  14.3342,   4.2925,  14.8966,  20.8287, 7.6952e+03,   803,  0.77633 
  158,   3.4330, -48.5601,  26.7320,  19.1776,  54.0092,  21.7578,   5.3040,  22.2715,  20.5479, 6.6052e+03,   803,  0.90693 
  159,   3.4370, -36.6049,  24.3626,   8.0241,  86.7067,   4.4647,   2.9344,   4.9190,  34.0803, 7.3517e+03,   803,  1.11787 
  160,   3.4410, -44.8092,  27.4349,  16.9552,  60.0090,  17.8365,   5.4766,  18.3688,  24.0049, 7.7361e+03,   803,  1.05747 
  161,   3.4450, -40.1927,  26.2360,  12.2375,  81.2376,   6.9113,   3.6695,   7.4177,  27.7203, 8.4565e+03,   803,  0.90048 
  162,   3.4490, -48.4883,  27.4958,  18.5855,  57.9354,  19.0797,   5.1034,  19.5827,  21.3832, 6.6760e+03,   803,  0.64869 
  163,   3.4530, -44.5707,  28.1989,  16.0661,  51.9335,  32.5123,   7.5765,  33.0119,  30.4552, 6.2077e+03,   803,  1.20364 
  164,   3.4570, -44.7496,  26.7930,  15.8794,  52.6046,  21.4028,   5.3893,  21.8559,  22.7186, 5.0572e+03,   803,  0.63304 
  165,   3.4610, -32.8178,  24.2035,   5.4438,  94.4767,   3.2544,   2.6098,   3.6332,  44.4946, 5.5405e+03,   803,  1.03328 
  166,   3.4650, -38.0386,  25.4003,   8.5732,  89.4446,   4.5198,   2.8736,   4.9485,  33.1859, 6.5831e+03,   803,  0.99512 
  168,   3.4730, -41.1560,  24.4518,   8.8750,  87.1927,   4.7550,   2.7892,   5.2380,  33.1038, 8.3330e+03,   803,  1.38376 
  170,   3.4810, -40.7025,  26.1540,  10.1352, 101.3894,   4.3540,   2.8702,   4.8078,  34.6560, 8.0177e+03,   803,  1.34637 
  171,   3.4850, -41.2362,  29.4879,  11.9683,  86.9398,   8.6504,   4.4731,   9.1374,  36.5847, 8.0509e+03,   803,  1.05762 
  172,   3.4890, -44.9030,  27.8080,  12.8032,  71.1367,  11.8712,   4.5994,  12.4069,  31.4075, 8.6249e+03,   803,  0.99174 
  174,   3.4970, -48.8574,  27.6652,  15.6664,  66.4954,  12.6151,   4.1126,  13.1043,  23.3659, 6.9599e+03,   803,  0.91179 
  175,   3.5010, -47.7805,  27.9359,  14.9569,  69.5257,  11.8116,   4.1557,  12.3062,  25.1986, 7.2534e+03,   803,  1.29220 
  176,   3.5050, -44.3401,  27.0462,  12.4023,  78.2091,   7.4108,   3.3421,   7.8671,  26.0357, 6.6569e+03,   803,  0.94748 
  177,   3.5090, -42.6397,  27.7095,  11.8951,  78.4640,   7.9743,   3.6915,   8.4286,  28.6617, 6.6036e+03,   803,  0.96995 
  178,   3.5130, -37.3980,  24.9306,   7.3628, 114.6513,   2.9969,   2.4565,   3.3997,  44.8279, 7.2787e+03,   803,  0.74286 
  179,   3.5170, -40.3124,  25.2140,   8.0257, 116.6361,   2.9451,   2.2588,   3.3367,  41.4931, 7.0688e+03,   803,  1.09302 
  180,   3.5210, -41.4634,  27.4278,  10.9653, 101.6711,   4.5702,   2.8847,   4.9892,  32.3052, 6.7784e+03,   803,  0.71310 
  181,   3.5250, -40.4251,  29.5033,  11.6561,  89.9098,   7.5493,   4.1304,   8.0014,  35.3847, 7.0746e+03,   803,  1.00694 
  182,   3.5290, -42.2163,  27.9832,  11.6975,  79.5986,   9.3433,   4.4141,   9.8730,  34.9220, 9.0557e+03,   803,  1.38795 
  183,   3.5330, -44.4268,  28.6051,  14.3533,  77.5618,  11.1571,   4.7803,  11.7101,  31.2328, 9.7083e+03,   803,  0.96458 
  185,   3.5410, -42.1935,  27.1743,  12.1074,  76.4674,   7.6289,   3.5069,   8.0699,  25.9334, 6.1264e+03,   803,  0.87979 
  186,   3.5450, -38.0636,  25.1364,   8.2357, 119.2882,   2.6307,   2.1762,   2.9912,  38.0274, 5.9856e+03,   803,  0.77733 
  187,   3.5490, -36.9133,  24.8793,   7.0118, 111.5691,   2.7809,   2.2614,   3.1465,  41.2685, 5.8633e+03,   803,  0.65275 
  188,   3.5530, -40.4943,  28.9691,  12.6001,  84.0310,   8.2232,   4.2170,   8.6840,  31.1344, 7.1596e+03,   803,  0.95144 
  189,   3.5570, -37.0868,  25.3477,   7.5528, 105.6638,   3.5316,   2.7008,   3.9511,  42.5230, 7.2343e+03,   803,  1.38718 
  190,   3.5610, -37.7210,  25.3748,   7.8819,  86.3337,   4.9413,   3.0552,   5.3863,  36.5121, 6.9008e+03,   803,  0.77635 
  191,   3.5650, -41.0323,  27.9201,  11.6535,  80.0167,   7.8999,   3.8698,   8.3563,  30.0732, 6.7434e+03,   803,  1.21038 
  192,   3.5690, -51.4102,  29.7756,  19.8933,  63.8472,  21.0524,   5.7664,  21.5798,  25.2962, 7.9246e+03,   803,  1.36942 
  193,   3.5730, -42.2858,  27.1581,  11.4314,  75.5106,   8.7468,   3.9522,   9.2402,  30.6087, 7.6027e+03,   803,  1.38362 
  194,   3.5770, -41.3766,  28.4892,  12.3465,  84.8740,   6.8785,   3.5301,   7.2949,  27.6854, 5.8860e+03,   803,  0.82662 
  195,   3.5810, -48.5866,  33.8183,  21.3231,  70.6778,  26.3193,   7.9787,  26.8201,  32.1501, 7.7503e+03,   803,  1.19364 
  196,   3.5850, -44.5784,  30.8522,  16.6645,  75.1185,  13.9677,   5.4200,  14.4456,  28.5949, 7.1581e+03,   803,  1.28870 
  197,   3.5890, -38.2264,  27.1598,   9.8612,  84.5189,   7.4420,   4.2440,   7.9661,  39.0728, 9.2503e+03,   803,  0.91733 
  198,   3.5930, -37.0246,  21.6242,   4.6126, 102.0976,   2.2783,   1.8531,   2.6412,  48.0291, 6.3393e+03,   803,  0.92492 
  199,   3.5970, -41.8591,  26.8251,  11.1497,  68.1080,  11.3713,   4.5828,  11.9007,  32.5101, 8.1713e+03,   803,  1.10848 
  201,   3.6050, -47.5659,  30.4260,  17.5860,  69.9746,  16.4629,   5.4877,  16.9561,  27.3351, 7.3233e+03,   803,  0.94510 
  202,   3.6090, -50.3406,  27.6836,  17.9567,  60.9619,  18.2524,   5.0706,  18.8019,  23.8363, 8.2382e+03,   803,  1.09026 
  203,   3.6130, -41.2673,  24.7977,   9.0819,  78.5379,   5.9699,   3.0870,   6.4613,  31.7161, 7.8644e+03,   803,  0.63934 
  204,   3.6170, -40.2209,  25.5176,   8.3516,  84.5822,   5.6250,   3.1793,   6.1069,  37.2586, 7.9505e+03,   803,  1.49039 
  205,   3.6210, -43.2581,  27.7784,  11.4650,  86.5352,   6.8205,   3.4761,   7.2863,  31.7352, 7.3916e+03,   803,  1.16352 
  206,   3.6250, -47.7451,  28.6000,  15.9642,  63.7687,  18.7953,   5.7332,  19.3576,  29.5868, 8.9268e+03,   803,  1.27314 
  207,   3.6290, -49.2962,  25.6689,  14.9949,  57.2640,  16.6784,   4.5923,  17.2541,  24.6633, 8.6276e+03,   803,  1.22223 
  208,   3.6330, -51.1845,  28.8528,  18.8703,  58.3535,  25.5055,   6.2414,  26.0534,  26.8089, 8.0602e+03,   803,  1.21073 
  209,   3.6370, -52.8648,  28.9327,  20.7044,  60.8644,  23.3762,   5.9240,  23.9490,  24.8563, 9.0333e+03,   803,  0.92361 
  212,   3.6490, -50.0260,  26.7262,  16.4036,  61.0846,  15.4939,   4.4819,  16.0403,  23.2931, 8.0967e+03,   803,  0.80782 
  213,   3.6530, -39.9180,  25.7471,   8.4912,  90.8292,   4.6743,   2.8520,   5.1107,  35.3723, 6.8659e+03,   803,  0.91503 
  214,   3.6570, -39.1350,  24.3596,   7.3665,  91.2181,   4.2852,   2.7737,   4.7537,  39.8461, 8.1791e+03,   803,  1.18621 
  215,   3.6610, -42.7389,  26.0797,  11.7127,  65.1727,  10.3201,   3.9211,  10.7996,  26.1619, 6.5609e+03,   803,  0.83310 
  216,   3.6650, -49.2997,  29.4438,  18.4454,  60.3168,  22.7809,   5.9987,  23.2789,  25.9289, 6.8235e+03,   803,  0.91374 
  218,   3.6730, -43.5948,  26.5326,  12.2070,  67.1379,  10.7864,   4.1282,  11.2917,  27.5809, 7.3693e+03,   803,  1.17470 
  219,   3.6770, -50.1168,  27.8818,  19.2989,  56.1725,  23.1308,   5.6043,  23.6434,  22.6195, 6.8294e+03,   803,  1.13813 
  222,   3.6890, -40.0761,  25.6434,  10.0795,  77.9719,   6.9837,   3.6030,   7.4942,  31.7464, 8.3718e+03,   803,  1.05288 
  223,   3.6930, -35.8062,  22.2129,   6.0897,  99.3333,   3.0547,   2.4759,   3.5070,  44.9626, 9.3262e+03,   803,  1.28712 
  225,   3.7010, -50.7855,  26.0617,  19.5095,  53.9819,  22.2546,   5.3176,  22.8464,  21.3867, 8.6976e+03,   803,  1.37808 
  226,   3.7050, -40.0873,  20.2003,   9.7014,  79.9769,   3.7802,   2.3553,   4.3231,  23.9841, 1.1243e+04,   803,  1.04471 
  227,   3.7090, -35.8117,  20.6946,   5.3308,  81.1163,   3.1228,   2.1764,   3.5564,  36.3405, 7.1013e+03,   803,  0.90334 
  228,   3.7130, -43.6217,  23.9294,  13.6940,  50.2532,  17.2717,   4.6251,  17.8028,  22.2200, 6.4872e+03,   803,  0.97954 
  229,   3.7170, -40.0680,  20.1803,   9.7248,  79.9763,   3.5192,   2.1951,   4.0256,  22.2947, 9.7948e+03,   803,  1.41005 
  230,   3.7210, -40.0361,  20.1289,   9.8225,  79.9843,   3.3961,   2.1237,   3.8874,  21.3557, 9.2478e+03,   803,  1.26415 
  232,   3.7290, -40.0776,  20.1775,   9.7337,  79.9790,   3.4821,   2.1717,   3.9834,  22.0439, 9.5977e+03,   803,  1.46074 
  233,   3.7330, -49.1784,  23.4646,  14.4058,  47.7059,  20.5058,   4.5313,  21.0796,  22.6041, 7.2316e+03,   803,  1.43916 
  234,   3.7370, -56.2112,  24.4896,  16.3534,  49.4857,  23.5000,   4.6405,  24.1144,  23.5676, 8.6504e+03,   803,  1.32519 
  235,   3.7410, -48.6933,  23.2217,  10.2178,  59.0032,   9.0190,   2.8688,   9.5229,  23.8017, 6.5828e+03,   803,  0.98064 
  236,   3.7450, -38.0932,  20.7618,   2.6680,  89.5232,   2.4899,   1.7934,   2.8704,  71.2099, 6.2254e+03,   803,  0.79998 
  237,   3.7490, -45.5331,  22.7682,  12.9686,  38.9663,  46.0222,   7.5544,  46.6510,  34.3022, 7.3231e+03,   803,  0.86201 
  238,   3.7530, -30.0371,  17.3555,   0.4930,  79.8402,   2.1693,   1.9578,   2.5551, 306.1463, 7.6130e+03,   803,  1.42486 
  239,   3.7570, -20.4604,  20.7381,   1.5156,  75.3145,   3.7375,   4.2051,   4.2078, 130.0776, 7.5830e+03,   803,  1.21469 
  240,   3.7610, -16.4758,  21.9158,   5.2127,  30.5573, 208.2076,  51.8191, 208.9610, 188.8996, 8.4021e+03,   803,  1.35901 
  241,   3.7650,   1.8554,  27.3491,  -1.7739,  99.5323,   5.2365,  72.4775,   5.7065, 218.9333, 8.2999e+03,   803,  1.09880 
  242,   3.7690,  21.5815,  29.6514,  -7.9097,  89.4577,   8.1040,   8.2341,   8.5766,  55.0433, 7.7057e+03,   803,  1.07504 
  243,   3.7730,  45.1529,  28.2079, -15.9175,  70.3076,  11.0070,   4.1296,  11.4634,  22.4020, 6.2241e+03,   803,  0.82040 
  244,   3.7770,  60.4922,  30.3591, -23.7741,  65.2747,  19.5870,   4.6382,  20.0683,  20.2893, 6.7101e+03,   803,  1.02906 
  245,   3.7810,  64.6844,  27.4654, -22.0232,  60.6050,  16.1642,   3.4875,  16.6591,  17.1392, 6.6457e+03,   803,  0.66693 
  246,   3.7850,  55.2089,  28.0224, -14.2844,  94.4995,   5.5283,   2.4083,   5.9547,  24.9550, 6.5474e+03,   803,  0.91720 
  247,   3.7890,  49.6520,  26.9141, -13.0402,  83.2237,   6.6345,   2.8804,   7.1024,  25.6788, 7.3073e+03,   803,  1.45082 
  248,   3.7930,  41.1027,  29.9485, -11.4087,  94.0697,   7.1819,   4.0173,   7.6257,  37.5333, 6.9816e+03,   803,  1.08392 
  249,   3.7970,  39.3893,  36.0318, -16.8411,  82.4770,  21.0943,   9.3629,  21.5695,  44.3516, 7.5746e+03,   803,  1.49110 
  250,   3.8010,  38.8990,  38.3444, -19.3714,  75.7136,  37.4859,  14.1443,  37.9630,  50.4393, 7.4616e+03,   803,  0.66498 
  251,   3.8050,  23.9907,  37.0022,  -8.4466, 110.0262,  11.4809,  11.4610,  11.9276,  92.9799, 7.5489e+03,   803,  1.16663 
  252,   3.8090,  28.4853,  41.4780, -14.2072,  82.2504,  45.1592,  24.7375,  45.6665,  92.0729, 8.8684e+03,   803,  1.26235 
  253,   3.8130,  29.9731,  47.0395, -18.1744,  80.8148,  89.8266,  40.1338,  90.2754, 110.3645, 7.1115e+03,   803,  1.07505 
  254,   3.8170,  27.1577,  40.2138, -14.8393,  66.3160,  88.5768,  35.6136,  89.0579,  97.8848, 7.2838e+03,   803,  0.77259 
  255,   3.8210,  25.4865,  46.9258, -15.5417,  74.4677, 125.0684,  55.7084, 125.4881, 139.3287, 6.0469e+03,   803,  0.71746 
  256,   3.8250,  19.7363,  44.6015, -10.2016,  96.7301,  31.9286,  30.1400,  32.3453, 125.3423, 6.4201e+03,   803,  0.61854 
  257,   3.8290,  18.4827,  48.7044,  -9.6071, 101.9444,  44.1125,  44.9746,  44.5466, 186.4667, 7.2036e+03,   803,  1.34021 
  258,   3.8330,  15.1265,  43.6338,  -5.9768,  96.4847,  31.4633,  39.1888,  31.9166, 215.7602, 7.5591e+03,   803,  1.15930 
  259,   3.8370,  25.5162,  43.3471, -15.1126,  77.3328,  61.9135,  32.7531,  62.3398,  92.9913, 6.1896e+03,   803,  1.05803 
  260,   3.8410,  15.5185,  40.4662,  -8.2968, 104.9797,  17.9535,  25.1992,  18.4009, 120.0040, 7.4919e+03,   803,  0.86781 
  261,   3.8450,  13.2738,  40.3574,  -6.2365, 127.9011,  11.9721,  23.8707,  12.4137, 169.5684, 7.8064e+03,   803,  0.95816 
  263,   3.8530,  18.2924,  46.9628, -10.9746,  99.2933,  37.1157,  37.8128,  37.5211, 134.9527, 6.1881e+03,   803,  0.64471 
  264,   3.8570,  18.3238,  49.0518, -11.2190,  87.6460,  81.9703,  66.4350,  82.4193, 192.7234, 7.3774e+03,   803,  1.16331 
  265,   3.8610,  15.4303,  37.3203,  -6.9051, 103.2935,  12.9348,  18.7420,  13.3655, 109.5693, 6.8518e+03,   803,  0.72823 
  266,   3.8650,  17.6354,  41.9045,  -9.5828,  86.3783,  36.3086,  34.2883,  36.7646, 123.2117, 7.3097e+03,   803,  0.76197 
  268,   3.8730,  14.8775,  39.4212,  -7.1059,  99.1377,  17.6591,  24.6007,  18.0896, 123.7879, 6.7757e+03,   803,  0.83241 
  269,   3.8770,  14.3821,  45.3663,  -7.3117, 115.8007,  21.7762,  34.5956,  22.1941, 183.0095, 6.8466e+03,   803,  0.89262 
  270,   3.8810,  15.7617,  49.4417,  -8.7883, 117.3443,  32.5909,  45.9685,  33.0319, 211.8050, 7.7552e+03,   803,  0.85673 
  271,   3.8850,  15.3026,  38.1340,  -6.8797, 124.6721,   9.1397,  15.8339,   9.5356, 117.3143, 6.2176e+03,   803,  0.89722 
  272,   3.8890,  14.2559,  40.0483,  -6.6685, 116.4693,  15.2514,  26.0649,  15.7416, 164.0437, 9.3166e+03,   803,  1.42860 
  273,   3.8930,  17.8021,  40.5719,  -9.9297, 104.6858,  18.0502,  21.9863,  18.4924,  99.8295, 7.3133e+03,   803,  1.08366 
  274,   3.8970,  23.9501,  48.3127, -17.4695,  83.9255,  91.5027,  53.3162,  91.9594, 124.7845, 7.5030e+03,   803,  1.11734 
  275,   3.9010,  16.5898,  46.7196, -10.8399, 109.8126,  27.4252,  35.0724,  27.8320, 131.5628, 6.4187e+03,   803,  1.38058 
  276,   3.9050,  18.1664,  23.0824,  -3.9705, 125.9666,   2.7991,   5.2685,   3.2642, 101.0381, 1.2016e+04,   803,  0.87151 
  277,   3.9090,  21.3034,  33.5095, -11.1153,  58.9506,  54.6273,  27.7705,  55.1696,  79.2561, 8.3048e+03,   803,  1.45672 
  278,   3.9130,  15.2655,  31.2457,  -6.1958,  72.5786,  18.2481,  19.5399,  18.7881,  90.9881, 8.9905e+03,   803,  1.08977 
  279,   3.9170,  15.5342,  34.3645,  -6.4961, 113.9943,   7.2104,  11.9277,   7.5978,  88.8897, 5.7745e+03,   803,  0.61369 
  280,   3.9210,  13.5269,  45.1092,  -6.9981, 122.1652,  18.9502,  33.9055,  19.3680, 190.5028, 6.9490e+03,   803,  0.97143 
  281,   3.9250,  15.3622,  43.7850,  -8.4204, 112.8195,  22.1568,  32.6087,  22.6231, 158.2965, 8.4176e+03,   803,  0.78607 
  282,   3.9290,  16.9918,  43.2915,  -9.5308, 106.3790,  21.3262,  26.7531,  21.7374, 118.2626, 6.4167e+03,   803,  1.01412 
  283,   3.9330,  24.0413,  43.1237, -15.3929,  83.8861,  45.0779,  29.1770,  45.5181,  84.3510, 6.7843e+03,   803,  0.88914 
  284,   3.9370,  14.0695,  29.9687,  -4.9009, 114.0894,   4.8681,   9.5503,   5.2723,  91.2034, 6.4630e+03,   803,  0.92619 
  285,   3.9410,  16.6106,  37.2744,  -7.4804, 119.3034,   9.4018,  14.5783,   9.8124, 102.7610, 6.5834e+03,   803,  0.62898 
  286,   3.9450,  18.8588,  35.8267,  -8.8082, 117.4953,   9.7844,  13.4271,  10.2631,  91.3375, 8.9042e+03,   803,  1.03724 
  287,   3.9490,  22.0494,  32.2542,  -9.6658, 111.6580,   6.7934,   8.0362,   7.2292,  57.2277, 7.5664e+03,   803,  0.66446 
  288,   3.9530,  23.2904,  28.7837,  -9.2712,  93.0595,   6.8134,   6.8136,   7.2841,  44.5443, 7.8550e+03,   803,  1.33997 
  291,   3.9650,  34.9913,  25.6037, -13.0581,  70.9414,   7.8179,   4.1202,   8.2922,  22.1373, 6.7436e+03,   803,  0.79800 
  292,   3.9690,  36.2133,  25.3884, -14.4220,  68.5360,   6.9735,   3.4175,   7.3773,  16.6650, 4.7658e+03,   803,  0.55601 
  293,   3.9730,  32.3566,  20.5919,  -8.4508,  83.8580,   2.9780,   2.3831,   3.4114,  23.5780, 7.4617e+03,   803,  0.99506 
  295,   3.9810,  23.3785,  23.9579,  -6.9994,  93.6813,   3.6153,   4.0624,   4.0422,  38.1086, 7.0409e+03,   803,  1.10153 
  296,   3.9850,  21.2518,  26.1116,  -7.1686,  95.8769,   4.8279,   5.7874,   5.2966,  48.1110, 8.2000e+03,   803,  0.66791 
  297,   3.9890,  23.3746,  24.6521,  -8.4827,  82.2840,   5.0702,   4.8965,   5.5302,  32.2069, 7.1693e+03,   803,  1.02432 
  298,   3.9930,  25.1498,  25.6189, -11.2492,  75.0456,   6.3789,   5.0160,   6.8132,  23.8389, 5.9438e+03,   803,  0.54796 
  299,   3.9970,  19.7266,  27.8056,  -8.2058, 100.8778,   5.0081,   6.5387,   5.4448,  45.8800, 7.1844e+03,   803,  1.11840 
  301,   4.0050,  15.3273,  23.8223,  -4.8405,  93.7127,   3.4700,   5.9700,   3.8857,  53.2158, 6.7074e+03,   803,  1.07383 
  302,   4.0090,  17.4507,  29.4090,  -7.4068, 102.2247,   6.1312,   8.8695,   6.5916,  60.6377, 7.9149e+03,   803,  1.04235 
  303,   4.0130,  16.3336,  30.4071,  -7.0042, 115.7040,   5.4212,   9.2013,   5.8606,  72.2942, 7.6607e+03,   803,  0.89654 
  304,   4.0170,  16.5130,  30.5295,  -7.3017, 104.8569,   5.9634,   9.1433,   6.3775,  61.0159, 6.4413e+03,   803,  1.06567 
  305,   4.0210,  17.9531,  34.0855,  -9.5159,  82.7825,  16.3670,  16.6590,  16.8411,  65.8357, 7.4876e+03,   803,  1.38834 
  306,   4.0250,  21.3228,  37.5234, -12.0936,  86.6271,  20.6091,  17.5202,  21.0519,  64.7629, 6.7564e+03,   803,  1.12009 
  307,   4.0290,  20.0396,  20.0709,  -9.8295,  79.9888,   3.3709,   4.2191,   3.8613,  21.2407, 9.2513e+03,   803,  1.10204 
  308,   4.0330,  14.0927,  32.1730,  -6.8487, 120.6511,   5.4787,  10.8486,   5.8749,  77.6449, 6.2649e+03,   803,  0.82320 
  309,   4.0370,  14.0981,  27.2123,  -6.3525,  94.1293,   5.1907,   8.9946,   5.6254,  53.7716, 7.0964e+03,   803,  1.18084 
  310,   4.0410,  15.2121,  36.1621,  -7.9172,  81.5276,  20.4333,  23.0585,  20.8717,  88.3715, 6.4186e+03,   803,  0.77055 
  311,   4.0450,  13.1629,  28.0754,  -4.9211, 103.1219,   4.5616,   9.0605,   4.9606,  72.4809, 6.0637e+03,   803,  0.87756 
  312,   4.0490,  16.3861,  32.7439,  -8.5268,  83.7096,  13.0430,  15.1607,  13.5009,  63.0719, 6.9887e+03,   803,  0.97548 
  313,   4.0530,  13.7017,  26.7116,  -6.2928,  77.0425,   7.6330,  11.0365,   8.1087,  51.7555, 7.1712e+03,   803,  0.53301 
  314,   4.0570,  17.9288,  25.4754,  -7.5633,  64.1561,  11.3611,  10.2533,  11.9158,  44.1869, 8.5735e+03,   803,  0.66872 
  315,   4.0610,  17.1433,  35.6849,  -9.9993,  74.2521,  29.6401,  26.2188,  30.1496,  81.4118, 8.3008e+03,   803,  0.71358 
  316,   4.0650,  16.0599,  35.4659,  -9.1309,  85.5740,  17.7547,  20.5047,  18.2276,  76.8984, 7.6002e+03,   803,  1.06807 
  317,   4.0690,  12.1932,  26.7579,  -4.7416, 110.6560,   3.6170,   8.4892,   4.0126,  72.9363, 6.4150e+03,   803,  1.17772 
  318,   4.0730,  10.5727,  27.7717,  -5.0457,  69.3417,  11.5278,  18.3470,  12.0186,  72.9511, 7.1245e+03,   803,  0.92756 
  319,   4.0770,  12.1429,  35.2926,  -6.9645, 105.3866,   9.7005,  18.7857,  10.1150,  90.6940, 6.3837e+03,   803,  1.22624 
  320,   4.0810,  22.1017,  36.7354, -15.7207,  60.6980,  74.0260,  34.2026,  74.4969,  69.9884, 6.5372e+03,   803,  1.02072 
  321,   4.0850,  22.0450,  34.2318, -14.7439,  58.6665,  55.1696,  26.1286,  55.6390,  57.2836, 6.2498e+03,   803,  1.00881 
  322,   4.0890,  13.3747,  28.1039,  -7.1940,  73.8817,  11.1737,  15.1503,  11.7035,  56.8212, 8.6458e+03,   803,  1.25067 
  323,   4.0930,  22.3728,  37.7608, -15.9434,  64.1247,  73.7099,  36.4182,  74.2246,  77.1379, 8.0700e+03,   803,  1.49214 
  324,   4.0970,  10.6901,  27.2435,  -4.9058,  91.6716,   5.5090,  12.2279,   5.9504,  69.5971, 6.9286e+03,   803,  1.06357 
  326,   4.1050,  12.9737,  31.7092,  -7.1103,  86.6200,  11.5645,  18.0635,  12.0611,  75.4083, 8.3473e+03,   803,  0.95471 
  327,   4.1090,  10.7779,  40.9434,  -6.8581, 106.1901,  19.2157,  39.0785,  19.6836, 157.5639, 8.2403e+03,   803,  1.26999 
  328,   4.1130,  11.6470,  40.2872,  -6.8747, 114.0920,  14.6743,  29.9984,  15.1172, 144.9510, 7.5591e+03,   803,  0.95167 
  329,   4.1170,  10.8247,  33.9212,  -5.9425, 101.2783,  10.6190,  22.6414,  11.1055, 110.7167, 8.6431e+03,   803,  0.86004 
  330,   4.1210,  12.0727,  34.1328,  -8.1406,  74.6092,  22.9178,  30.0823,  23.4125,  83.1561, 7.7715e+03,   803,  1.29974 
  332,   4.1290,   8.9451,  28.5784,  -4.0808,  97.3825,   6.0455,  16.5520,   6.5057, 100.1786, 7.7336e+03,   803,  1.04554 
  333,   4.1330,   9.2536,  29.9711,  -5.1988,  92.9126,   7.3621,  18.0480,   7.8059,  82.0243, 6.9351e+03,   803,  0.84071 
  335,   4.1410,  11.6211,  33.4996,  -7.4338,  85.3884,  14.5327,  24.0344,  15.0206,  82.3089, 8.0267e+03,   803,  1.35687 
  336,   4.1450,   9.0231,  26.7449,  -4.8621, 115.3208,   3.8428,  12.6203,   4.2838,  82.7183, 8.2254e+03,   803,  0.96637 
  337,   4.1490,  12.0384,  41.6144,  -8.2661,  89.7494,  31.4394,  46.1496,  31.9001, 138.0082, 7.5503e+03,   803,  1.38372 
  338,   4.1530,  10.0806,  37.1528,  -6.8030,  95.7101,  16.1106,  32.9369,  16.5736, 116.1757, 7.6797e+03,   803,  1.11230 
  339,   4.1570,  10.7501,  27.3853,  -5.0089,  51.1100,  29.4471,  28.6120,  29.9451,  88.7280, 6.8301e+03,   803,  1.10009 
  340,   4.1610,  10.5665,  24.7019,  -4.5228,  70.8566,   7.6339,  13.6605,   8.1562,  64.7582, 8.1911e+03,   803,  1.00118 
  341,   4.1650,  15.6547,  32.6095, -12.2672,  48.2817, 134.0195,  60.5017, 134.5434,  98.7528, 6.9366e+03,   803,  0.71569 
  342,   4.1690,   7.8206,  32.1463,  -4.5235,  92.1963,  10.3985,  28.6635,  10.8815, 121.4180, 8.1483e+03,   803,  1.34852 
  343,   4.1730,  14.1425,  40.8056, -11.3656,  61.6374, 154.0753,  98.0635, 154.5678, 169.1150, 7.4462e+03,   803,  0.98698 
  344,   4.1770,   9.6576,  29.6106,  -7.0327,  63.8911,  19.5543,  28.6847,  20.0579,  67.0759, 7.2206e+03,   803,  0.88251 
  345,   4.1810,  18.4574,  39.4736, -14.9978,  60.8736, 125.9678,  62.9685, 126.4522, 108.3841, 7.0882e+03,   803,  1.10234 
  346,   4.1850,   8.8171,  25.9511,  -4.8215,  84.6225,   5.6143,  14.3228,   6.0717,  63.3791, 7.1277e+03,   803,  1.20803 
  347,   4.1890,  11.0788,  27.8010,  -8.0284,  62.0358,  17.4304,  22.5204,  17.9737,  52.8703, 8.1488e+03,   803,  1.39376 
  348,   4.1930,   5.9140,  22.8800,  -3.7288,  99.0452,   2.8678,  13.7874,   3.2683,  66.7885, 6.8587e+03,   803,  1.00352 
  349,   4.1970,   7.2397,  28.0106,  -5.1710,  87.0757,   6.7686,  20.6412,   7.2234,  70.2061, 7.0680e+03,   803,  0.99928 
