  0,   2.801,    8.119,    3.737,    1.317,   79.552,    5.312,    2.273,    0.543,   41.938,    0.073,    0.061,    0.017,    0.041,   1.0237
  1,   2.805,   12.935,   16.378,   -7.812,   16.839, 394236.899, 6997.559, 394237.978, 11698.672,    0.500,    0.499,    0.500,    0.499,   1.0142
  2,   2.809,   15.648,   24.940,  -10.737,   35.616,  154.164,   49.301,  154.780,   85.139,    0.458,    0.301,    0.471,    0.332,   0.9348
  3,   2.813,    8.805,   20.736,   -2.616,   37.908,   34.599,   31.341,   35.302,  139.000,    0.396,    0.249,    0.469,    0.388,   1.0085
  4,   2.817,    5.359,   15.781,    0.464,  125.565,    1.096,    6.945,    1.165,  369.419,    0.000,    0.022,    0.340,    0.362,   0.7179
  5,   2.821,    6.574,   19.774,   -1.549,   22.990, 2125.202,  506.874, 2126.009, 2280.357,    0.499,    0.484,    0.500,    0.496,   0.7283
  6,   2.825,    3.965,    7.082,    1.924,   77.271,    2.052,    5.616,    0.792,   34.238,    0.038,    0.109,    0.017,    0.023,   1.1242
  7,   2.829,    9.051,    3.020,    1.683,   75.694,    7.546,    2.011,    0.502,   29.142,    0.119,    0.076,    0.004,    0.013,   0.7860
  8,   2.833,    5.082,   11.689,    0.797,  117.005,    1.304,    6.033,    0.942,  171.318,    0.002,    0.038,    0.196,    0.243,   1.1432
  9,   2.837,    2.325,   23.296,    1.397,   30.992,  297.492,  468.750,  298.156,  884.357,    0.497,    0.479,    0.498,    0.485,   1.0158
 10,   2.841,   20.017,   16.592,  -18.285,   13.169,  719.940,   64.564,  718.720,   65.484,    0.488,    0.395,    0.489,    0.417,   1.3145
 11,   2.845,   10.483,   21.741,   -5.796,   24.712, 3527.534,  488.508, 3528.318,  930.410,    0.499,    0.481,    0.499,    0.489,   1.7366
 12,   2.849,    4.299,   20.737,    0.021,   30.982,  116.491,  131.165,  117.244, 31633.608,    0.485,    0.435,    0.500,    0.500,   1.2240
 13,   2.853,    4.068,   16.794,    0.303,   15.464, 14587.308, 2421.765, 14586.243, 31599.406,    0.500,    0.497,    0.500,    0.500,   1.0611
 14,   2.857,    5.865,   12.515,    0.428,   80.766,    1.384,    6.175,    1.418,  237.890,    0.001,    0.033,    0.377,    0.362,   1.0656
 15,   2.861,    7.198,   29.695,   -2.921,   27.042, 9676.875, 1824.494, 9676.143, 4308.600,    0.500,    0.493,    0.500,    0.497,   0.8593
 16,   2.865,    9.491,   36.511,   -6.215,   53.730,  167.890,  135.302,  168.426,  270.941,    0.476,    0.389,    0.485,    0.418,   0.9649
 17,   2.869,    4.689,   18.672,   -0.187,   36.732,   23.149,   41.889,   23.846, 1414.394,    0.416,    0.322,    0.497,    0.489,   1.3567
 18,   2.873,    9.000,   16.757,   -3.191,   17.193, 518892.901, 12506.426, 518894.008, 35597.815,    0.500,    0.499,    0.500,    0.500,   1.1455
 19,   2.877,    2.833,    7.045,    3.248,   18.902,    9.756,   24.046,   11.415,   27.497,    0.381,    0.380,    0.384,    0.241,   1.4222
 20,   2.881,    3.847,   22.538,    0.156,   82.704,    3.416,   21.395,    3.815, 1307.533,    0.133,    0.147,    0.483,    0.474,   0.6070
 21,   2.885,   14.975,   23.836,   -9.755,   26.411, 6114.451,  515.369, 6115.115,  825.972,    0.499,    0.481,    0.499,    0.487,   0.7132
 22,   2.889,   13.970,   28.102,   -8.882,   40.575,  153.706,   63.459,  154.303,  121.393,    0.462,    0.323,    0.476,    0.364,   0.7438
 23,   2.893,    6.943,   26.115,   -3.014,   44.801,   49.446,   60.071,   50.045,  185.444,    0.442,    0.326,    0.475,    0.401,   1.0509
 24,   2.897,    4.597,   12.814,    1.437,   87.224,    1.253,    7.357,    1.261,   71.674,    0.002,    0.052,    0.130,    0.116,   0.7037
 25,   2.901,    6.323,   13.195,   -1.118,   55.096,    2.302,    7.733,    2.730,   85.227,    0.010,    0.055,    0.336,    0.254,   1.4814
 26,   2.905,    3.061,   10.273,    1.369,   77.976,    1.283,    8.648,    1.015,   54.608,    0.018,    0.121,    0.095,    0.085,   0.9700
 27,   2.909,    1.999,    5.167,    2.421,   36.564,    2.782,   11.206,    1.351,   16.386,    0.232,    0.317,    0.048,    0.024,   0.6735
 28,   2.913,    5.716,    9.532,    0.924,   55.823,    1.665,    5.666,    1.598,   74.452,    0.003,    0.057,    0.276,    0.223,   0.8120
 29,   2.917,   11.312,   10.846,   -4.588,   18.884,   56.689,   19.810,   58.076,   58.420,    0.418,    0.286,    0.467,    0.368,   1.2213
 30,   2.921,    7.319,   13.433,   -0.069,   30.768,   12.194,   14.339,   12.991, 2071.563,    0.269,    0.173,    0.498,    0.494,   0.9872
 31,   2.925,    9.476,    0.399,    5.390,   14.153, 24379.155,  153.152,    1.225,    3.434,    0.500,    0.499,    0.001,    0.001,   0.8760
 32,   2.929,    8.119,   10.472,   -0.149,   60.176,    1.477,    3.904,    1.503,  471.681,    0.000,    0.011,    0.459,    0.447,   1.0615
 33,   2.933,    6.052,    8.764,    1.873,   82.330,    1.521,    3.931,    0.849,   39.009,    0.001,    0.024,    0.025,    0.029,   0.9180
 34,   2.937,   25.593,    2.081,    3.627,   27.775,   17.837,    0.975,    1.103,    8.263,    0.084,    0.028,    0.004,    0.004,   1.5351
 35,   2.941,    3.838,   10.338,    3.416,   19.576,   36.647,   43.994,   38.034,   60.680,    0.456,    0.403,    0.463,    0.369,   1.0501
 36,   2.945,   13.514,   22.612,   -8.147,   30.044,  320.634,   84.080,  321.356,  157.636,    0.482,    0.390,    0.489,    0.421,   1.3893
 37,   2.949,    4.235,   24.216,   -0.706,   33.004,  214.490,  210.602,  215.077, 1454.581,    0.492,    0.452,    0.499,    0.491,   0.6704
 38,   2.953,    7.361,   24.311,   -6.715,    6.489,    4.624,    8.381,    3.683,    6.295,    0.066,    0.008,    0.046,    0.152,   1.2010
 39,   2.957,    6.169,   19.959,   -0.760,   67.853,    4.074,   13.838,    4.558,  234.061,    0.074,    0.083,    0.431,    0.382,   0.9258
 40,   2.961,    8.988,   21.465,   -4.462,   23.586, 8154.446,  945.634, 8155.180, 1977.422,    0.500,    0.491,    0.500,    0.495,   0.6454
 41,   2.965,    7.730,   22.172,   -2.346,   89.836,    2.990,   10.239,    3.393,   92.356,    0.013,    0.026,    0.240,    0.165,   1.1235
 42,   2.969,   16.727,   31.922,  -10.742,   49.452,   89.776,   42.030,   90.261,   86.169,    0.423,    0.220,    0.451,    0.278,   1.0371
 43,   2.973,   20.742,   24.681,  -12.521,   34.649,  169.390,   38.293,  169.984,   74.368,    0.449,    0.255,    0.469,    0.315,   1.5937
 44,   2.977,   30.928,   28.488,  -25.459,   33.655, 1463.394,  117.835, 1463.973,  155.333,    0.491,    0.401,    0.493,    0.411,   1.3726
 45,   2.981,   12.891,   20.717,   -6.658,   27.425,  316.248,   78.771,  316.973,  171.057,    0.483,    0.392,    0.491,    0.434,   1.1259
 46,   2.985,   10.470,   16.464,   -3.717,   25.121,  111.039,   43.879,  111.997,  145.128,    0.461,    0.349,    0.486,    0.428,   1.5148
 47,   2.989,    8.695,    3.765,    2.530,   30.430,    5.349,    2.795,    1.517,   15.287,    0.062,    0.096,    0.058,    0.035,   1.0487
 48,   2.993,    5.999,   12.664,    0.669,   45.439,    3.239,    9.316,    3.812,  143.559,    0.044,    0.094,    0.427,    0.371,   0.7859
 49,   2.997,   10.898,   15.529,   -2.489,   19.653,  598.341,  109.730,  599.313,  522.558,    0.492,    0.441,    0.498,    0.484,   1.7889
 50,   3.001,   -9.912,   33.852,   16.848,   25.396,  283.678,  130.865,  283.075,   67.282,    0.485,    0.394,    0.475,    0.348,   1.1448
 51,   3.005,   15.868,   23.977,   -9.040,   36.370,   94.697,   34.469,   95.306,   73.695,    0.431,    0.239,    0.461,    0.305,   0.9763
 52,   3.009,   14.135,   28.331,   -7.251,   50.215,   40.343,   27.559,   40.863,   75.648,    0.358,    0.153,    0.427,    0.249,   1.6205
 53,   3.013,    7.684,   23.096,   -7.914,    0.381,    0.809,    2.892, 35801.704,  244.403,    0.000,    0.000,    0.500,    0.499,   0.9979
 54,   3.017,    8.866,   26.970,   -3.619,   75.351,    7.133,   15.407,    7.543,   79.054,    0.112,    0.051,    0.310,    0.170,   0.8125
 55,   3.021,    9.699,   15.933,   -1.858,  114.239,    1.259,    4.336,    1.390,   91.571,    0.000,    0.002,    0.097,    0.111,   0.7493
 56,   3.025,   17.105,   36.821,  -11.892,   52.278,  202.428,   82.136,  202.919,  150.702,    0.465,    0.321,    0.476,    0.359,   0.9291
 57,   3.029,   15.395,   29.648,   -9.076,   52.341,   41.123,   26.509,   41.614,   64.126,    0.349,    0.134,    0.410,    0.204,   0.6847
 58,   3.033,    7.677,   14.104,   -4.174,    5.288,   15.956,   11.851,   13.023,   17.940,    0.310,    0.121,    0.370,    0.380,   1.4094
 59,   3.037,    9.633,   29.620,   -4.172,   72.758,   13.069,   23.188,   13.556,  103.935,    0.226,    0.106,    0.375,    0.237,   1.2876
 60,   3.041,   14.112,   39.221,   -8.900,   62.931,   94.708,   67.644,   95.172,  155.423,    0.438,    0.276,    0.461,    0.337,   1.0626
 61,   3.045,    8.022,   20.544,   -1.250,   53.828,    7.295,   13.638,    7.797,  146.982,    0.138,    0.075,    0.434,    0.352,   1.1130
 62,   3.049,    8.189,   11.884,    1.385,   65.776,    1.532,    4.489,    1.673,   61.646,    0.000,    0.012,    0.201,    0.145,   1.0190
 63,   3.053,    2.794,   20.049,    3.690,   35.269,   36.831,   93.863,   37.470,   91.089,    0.468,    0.412,    0.459,    0.344,   1.0689
 64,   3.057,    8.991,   18.738,   -1.086,   48.524,    7.750,   11.938,    8.314,  158.125,    0.126,    0.068,    0.446,    0.375,   1.1831
 65,   3.061,   11.604,   15.931,   -2.420,   65.999,    2.314,    4.686,    2.720,   48.629,    0.000,    0.003,    0.185,    0.094,   0.8294
 66,   3.065,   22.552,   17.867,  -13.072,   23.505,  382.839,   46.059,  383.736,   88.222,    0.475,    0.344,    0.486,    0.391,   1.4226
 67,   3.069,   10.480,   13.047,   -0.400,   47.447,    3.107,    5.311,    3.654,  244.400,    0.004,    0.016,    0.455,    0.420,   0.7492
 68,   3.073,    7.739,   15.736,    0.265,   29.415,   28.683,   24.298,   29.463,  905.440,    0.389,    0.254,    0.496,    0.486,   0.8998
 69,   3.077,   16.063,   26.544,   -9.019,   42.544,   74.725,   33.947,   75.341,   77.708,    0.411,    0.214,    0.450,    0.286,   0.9037
 70,   3.081,    9.547,   18.280,   -1.245,   49.654,    7.178,   11.025,    7.778,  138.671,    0.098,    0.059,    0.434,    0.355,   0.7962
 71,   3.085,    9.390,   11.078,   -0.490,  302.422,    1.231,    2.489,    0.520,  938.703,    0.000,    0.001,    0.172,    0.369,   0.8209
 72,   3.089,    9.599,   22.202,   -3.021,   71.744,    5.095,   11.015,    5.592,   74.597,    0.041,    0.034,    0.289,    0.168,   0.8690
 73,   3.093,   10.850,   17.973,   -2.077,   53.188,    5.589,    8.483,    6.161,   76.949,    0.038,    0.028,    0.363,    0.240,   1.0425
 74,   3.097,   11.120,    9.048,    1.144,   43.865,    1.971,    3.173,    2.182,   56.307,    0.000,    0.009,    0.294,    0.214,   1.0103
 75,   3.101,    7.283,    8.711,    4.287,   14.454,   80.338,   31.603,   82.124,   61.708,    0.462,    0.387,    0.478,    0.404,   0.9931
 76,   3.105,   17.633,   22.690,   -8.158,   41.883,   31.798,   15.832,   32.422,   46.328,    0.284,    0.084,    0.397,    0.181,   0.7594
 77,   3.109,   11.033,   19.161,   -0.683,   67.562,    3.555,    6.915,    4.018,  234.589,    0.006,    0.010,    0.430,    0.382,   0.8302
 78,   3.113,   12.164,    9.611,    1.979,   31.342,    4.415,    4.481,    5.254,   41.714,    0.010,    0.027,    0.348,    0.222,   1.2813
 79,   3.117,   17.117,   20.245,   -6.401,   39.069,   22.329,   11.403,   22.913,   41.245,    0.218,    0.049,    0.386,    0.171,   0.9668
 80,   3.121,   13.993,   13.419,   -0.957,  140.824,    1.042,    2.112,    0.850,  172.952,    0.000,    0.000,    0.133,    0.205,   0.9972
 81,   3.125,   16.682,   20.129,   -4.986,   41.382,   17.966,   10.596,   18.570,   49.743,    0.175,    0.040,    0.390,    0.200,   1.0748
 82,   3.129,   19.128,   20.099,   -7.694,   32.034,   71.825,   21.104,   72.551,   63.968,    0.391,    0.170,    0.456,    0.303,   0.7551
 83,   3.133,   31.290,   24.451,  -20.174,   32.429,  314.427,   38.083,  315.082,   67.156,    0.459,    0.255,    0.473,    0.309,   0.6466
 84,   3.137,   13.984,   25.737,   -5.646,   39.614,   92.736,   42.461,   93.352,  130.851,    0.437,    0.267,    0.475,    0.376,   1.1073
 85,   3.141,   12.697,   18.582,   -1.997,   89.616,    1.995,    4.569,    2.348,   83.427,    0.000,    0.001,    0.195,    0.143,   1.0977
 86,   3.145,   20.934,   28.287,  -10.582,   41.032,  141.832,   39.860,  142.398,   96.309,    0.439,    0.235,    0.469,    0.330,   1.2544
 87,   3.149,   18.740,   23.914,   -7.299,   41.165,   44.411,   18.714,   45.008,   63.061,    0.331,    0.106,    0.433,    0.252,   0.8306
 88,   3.153,   15.664,   22.138,   -3.850,   76.759,    4.180,    6.000,    4.638,   55.930,    0.002,    0.002,    0.200,    0.092,   1.0562
 89,   3.157,   16.800,   21.138,   -5.299,   91.702,    2.545,    4.206,    2.930,   37.964,    0.000,    0.000,    0.047,    0.018,   1.0157
 90,   3.161,   18.070,   24.511,   -7.569,   56.534,   14.201,   10.895,   14.773,   42.779,    0.107,    0.023,    0.299,    0.100,   0.9098
 91,   3.165,   19.564,   21.409,   -6.969,   59.469,    6.476,    5.541,    6.965,   28.041,    0.006,    0.002,    0.159,    0.028,   0.7695
 92,   3.169,   19.526,   15.112,  -11.591,    4.783,    9.734,    3.533,    7.313,    4.788,    0.034,    0.001,    0.067,    0.159,   1.0678
 93,   3.173,   14.421,   23.235,   -2.342,   66.372,    6.721,    8.485,    7.213,  101.460,    0.027,    0.010,    0.368,    0.252,   1.0420
 94,   3.177,   19.135,   26.244,   -7.017,   32.811,  705.755,  115.821,  706.459,  350.693,    0.489,    0.407,    0.496,    0.461,   1.3711
 95,   3.181,   22.876,   30.748,  -10.435,   58.391,   29.917,   15.353,   30.382,   51.825,    0.219,    0.034,    0.361,    0.133,   0.6601
 96,   3.185,   15.728,   23.464,   -2.042,  200.121,    1.514,    4.186,    1.797,  270.327,    0.000,    0.000,    0.131,    0.226,   1.1328
 97,   3.189,   27.467,   26.551,  -12.974,   44.492,   52.777,   15.587,   53.334,   43.709,    0.296,    0.055,    0.400,    0.155,   0.8946
 98,   3.193,   20.414,   20.297,   -4.052,   77.991,    3.243,    3.853,    3.691,   46.475,    0.000,    0.000,    0.138,    0.057,   0.9549
 99,   3.197,   20.058,   15.252,   -1.498,  270.987,    1.028,    1.683,    0.790,  346.705,    0.000,    0.000,    0.041,    0.214,   1.0275
100,   3.201,   62.273,   27.955,  -43.751,   35.817,  493.385,   29.540,  494.014,   47.596,    0.448,    0.171,    0.463,    0.222,   1.0192
101,   3.205,   49.929,   28.004,  -29.866,   44.311,   74.478,   11.035,   75.015,   23.818,    0.247,    0.014,    0.340,    0.043,   0.6374
102,   3.209,   36.438,   24.408,  -14.224,   51.951,   17.313,    5.762,   17.858,   22.677,    0.029,    0.001,    0.210,    0.021,   0.6856
103,   3.213,   33.779,   20.425,   -7.243,   69.436,    4.066,    2.551,    4.538,   25.185,    0.000,    0.000,    0.065,    0.010,   1.7470
104,   3.217,   41.515,   22.249,  -12.795,   77.905,    4.657,    2.556,    5.173,   19.278,    0.000,    0.000,    0.016,    0.001,   1.3506
105,   3.221,   37.076,   20.812,   -9.441,   91.215,    2.923,    2.198,    3.375,   24.524,    0.000,    0.000,    0.009,    0.002,   1.3769
106,   3.225,   49.341,   27.771,  -27.047,   46.594,   53.784,    9.203,   54.327,   22.541,    0.178,    0.006,    0.304,    0.031,   0.6320
107,   3.229,   25.344,   18.380,   -4.991,   91.048,    1.915,    2.236,    2.259,   33.326,    0.000,    0.000,    0.025,    0.010,   0.9469
108,   3.233,   45.336,   28.997,  -27.520,   43.238,  115.876,   16.651,  116.425,   34.291,    0.343,    0.052,    0.403,    0.109,   0.9679
109,   3.237,    9.562,   10.548,    5.594,   29.639,    7.055,    7.586,    8.012,   18.723,    0.095,    0.090,    0.238,    0.067,   1.3310
110,   3.241,   20.468,   15.337,   -3.358,    9.340,   91.187,   14.976,   89.413,   79.100,    0.408,    0.154,    0.484,    0.451,   1.1364
111,   3.245,   19.595,   21.618,   -3.173,   67.642,    5.108,    5.133,    5.593,   64.233,    0.002,    0.001,    0.280,    0.147,   1.6827
112,   3.249,   34.791,   40.067,  -22.978,   55.543,  256.792,   51.135,  257.242,   98.789,    0.444,    0.213,    0.463,    0.281,   0.9502
113,   3.253,   30.558,   32.272,  -18.235,   50.482,   92.631,   24.546,   93.156,   54.743,    0.366,    0.101,    0.419,    0.177,   0.8164
114,   3.257,   33.487,   32.721,  -20.358,   52.001,   80.935,   20.576,   81.428,   45.804,    0.334,    0.066,    0.397,    0.131,   0.5919
115,   3.261,   29.140,   33.608,  -17.401,   44.876,  317.687,   56.821,  318.199,  113.595,    0.462,    0.272,    0.477,    0.341,   1.1368
116,   3.265,   22.264,   15.076,  -17.217,    7.256,   29.346,    6.189,   27.326,    6.640,    0.220,    0.017,    0.259,    0.139,   1.0250
117,   3.269,   21.882,   36.031,  -10.799,   51.029,  208.184,   64.312,  208.694,  165.012,    0.456,    0.282,    0.478,    0.374,   1.4603
118,   3.273,   16.673,   32.309,   -4.807,   72.644,   16.816,   16.075,   17.247,  103.814,    0.161,    0.034,    0.386,    0.238,   0.9982
119,   3.277,   34.034,   38.466,  -23.131,   52.859,  283.663,   54.153,  284.154,   99.967,    0.450,    0.234,    0.466,    0.293,   0.7403
120,   3.281,   37.555,   40.058,  -26.503,   55.444,  282.919,   51.919,  283.409,   93.743,    0.445,    0.217,    0.461,    0.272,   1.4170
121,   3.285,   24.348,   33.904,  -13.288,   49.803,  143.228,   42.033,  143.730,   98.887,    0.430,    0.207,    0.462,    0.302,   0.8794
122,   3.289,   47.633,   42.936,  -37.751,   52.779, 1059.556,  101.737, 1060.018,  149.941,    0.481,    0.331,    0.485,    0.357,   0.6636
123,   3.293,   23.182,   38.769,  -13.425,   60.207,  118.377,   47.228,  118.866,  114.152,    0.419,    0.203,    0.453,    0.293,   0.9718
124,   3.297,   30.907,   40.915,  -20.165,   62.587,  143.127,   43.128,  143.620,   92.794,    0.411,    0.171,    0.442,    0.245,   0.8972
125,   3.301,   21.721,   18.099,   -8.001,   17.996,      nan,      nan,      nan,      nan,      nan,      nan,      nan,      nan,   1.5089
126,   3.305,   22.102,   39.494,  -10.846,   67.311,   66.735,   34.805,   67.175,  109.345,    0.365,    0.131,    0.433,    0.264,   0.8084
127,   3.309,   35.772,   41.990,  -24.881,   58.262,  285.529,   57.763,  285.997,  107.254,    0.448,    0.229,    0.464,    0.288,   1.1522
128,   3.313,   29.369,   39.528,  -18.149,   61.105,  126.702,   40.086,  127.195,   90.973,    0.405,    0.162,    0.441,    0.246,   1.1678
129,   3.317,   29.736,   40.902,  -16.941,   64.500,  119.108,   40.129,  119.601,  101.821,    0.397,    0.155,    0.441,    0.258,   1.3070
130,   3.321,   22.684,   36.618,   -9.670,   84.360,   22.088,   17.341,   22.580,   83.817,    0.153,    0.029,    0.329,    0.157,   1.5951
131,   3.325,   26.710,   37.510,  -12.850,   75.622,   30.945,   17.308,   31.385,   64.628,    0.192,    0.026,    0.336,    0.125,   0.9616
132,   3.329,   27.256,   34.770,  -11.860,   69.551,   29.427,   15.121,   29.889,   59.571,    0.176,    0.021,    0.340,    0.125,   0.9823
133,   3.333,   24.009,   31.043,   -7.043,   87.754,    8.719,    7.572,    9.135,   60.567,    0.010,    0.001,    0.217,    0.082,   0.9194
134,   3.337,   33.583,   36.924,  -16.523,   75.619,   30.920,   13.943,   31.396,   51.367,    0.141,    0.012,    0.294,    0.079,   1.2448
135,   3.341,   37.746,   33.694,  -17.237,   60.861,   47.307,   14.348,   47.831,   48.041,    0.209,    0.020,    0.354,    0.108,   1.0382
136,   3.345,   40.585,   33.099,  -15.482,   74.885,   17.939,    7.216,   18.389,   35.954,    0.023,    0.000,    0.197,    0.030,   1.1663
137,   3.349,  109.262,   38.466,  -80.612,   48.152,  778.889,   32.166,  779.399,   50.795,    0.442,    0.120,    0.457,    0.171,   1.4264
138,   3.353,   61.053,   32.800,  -27.939,   57.064,   49.208,    8.396,   49.686,   26.827,    0.112,    0.001,    0.281,    0.028,   0.9103
139,   3.357,   61.675,   29.811,  -22.600,   57.903,   28.612,    5.545,   29.119,   23.455,    0.027,    0.000,    0.215,    0.016,   0.9964
140,   3.361,   63.250,   15.431,  -50.390,    3.430,    5.528,    0.806,    7.169,    0.841,    0.000,    0.000,    0.000,    0.001,   1.4338
141,   3.365,   74.727,   31.264,  -31.799,   57.289,   38.788,    5.774,   39.297,   20.380,    0.039,    0.000,    0.206,    0.009,   1.0057
142,   3.369,   88.244,   33.712,  -52.541,   49.015,  177.064,   13.853,  177.645,   29.594,    0.304,    0.017,    0.379,    0.060,   1.0679
143,   3.373,  103.579,   36.520,  -80.884,   42.819, 2048.179,   59.445, 2048.717,   84.062,    0.479,    0.264,    0.484,    0.300,   1.7325
144,   3.377,   36.575,   39.065,  -26.609,   54.308,  239.680,   44.819,  240.127,   78.327,    0.437,    0.190,    0.454,    0.239,   0.9404
145,   3.381,   -5.035,   95.826,    3.598,   99.720, 525783.084, 198256.839, 525783.470, 291816.867,    0.500,    0.500,    0.500,    0.500,   1.0790
146,   3.385,  -12.390,   21.449,   -0.398,   22.426, 86137.910, 3365.202, 86138.739, 106648.511,    0.500,    0.497,    0.500,    0.500,   0.9149
147,   3.389,  -25.539,   25.320,    5.470,   62.603,   11.006,    6.769,   11.523,   56.270,    0.020,    0.002,    0.312,    0.135,   1.4071
148,   3.393,  -43.670,   25.277,   15.010,   49.168,   27.213,    6.606,   27.808,   27.916,    0.064,    0.002,    0.289,    0.050,   2.0149
149,   3.397,  -51.766,   24.553,   17.726,   49.241,   23.126,    4.901,   23.712,   21.048,    0.023,    0.000,    0.223,    0.020,   0.7273
150,   3.401,  -48.112,   23.210,   11.311,   71.396,    5.162,    2.144,    5.600,   19.056,    0.000,    0.000,    0.033,    0.002,   0.8465
151,   3.405,  -76.293,   26.928,   42.248,   39.112,  124.086,    9.194,  124.613,   20.110,    0.264,    0.008,    0.362,    0.038,   0.8243
152,   3.409,  -34.755,   20.941,    4.775,  114.533,    1.858,    1.783,    2.187,   49.162,    0.000,    0.000,    0.026,    0.020,   1.1549
153,   3.413,  -41.565,   25.407,   14.046,   62.118,   11.172,    4.162,   11.679,   21.744,    0.002,    0.000,    0.119,    0.008,   0.7211
154,   3.417,  -34.545,   20.218,    6.805,   98.101,    2.268,    1.979,    2.655,   31.461,    0.000,    0.000,    0.014,    0.006,   0.8532
155,   3.421,  -36.239,   22.535,    8.467,   75.821,    4.793,    2.897,    5.284,   27.874,    0.000,    0.000,    0.065,    0.011,   0.9177
156,   3.425,  -41.274,   23.268,   12.365,   65.441,    7.576,    3.277,    8.111,   20.942,    0.000,    0.000,    0.073,    0.005,   0.8933
157,   3.429,  -50.077,   25.338,   20.588,   47.716,   30.495,    6.080,   31.078,   20.985,    0.061,    0.001,    0.249,    0.022,   0.7719
158,   3.433,  -40.106,   24.017,   10.416,   68.858,    6.701,    3.111,    7.176,   23.848,    0.000,    0.000,    0.082,    0.008,   0.9077
159,   3.437,  -33.811,   22.321,    4.850,  125.971,    2.023,    2.076,    2.374,   61.287,    0.000,    0.000,    0.032,    0.032,   1.1114
160,   3.441,  -40.684,   26.064,   12.705,   67.699,   10.105,    4.250,   10.622,   25.848,    0.001,    0.000,    0.120,    0.013,   1.0576
161,   3.445,  -36.485,   23.494,    8.300,  102.064,    3.269,    2.576,    3.714,   35.623,    0.000,    0.000,    0.024,    0.008,   0.8985
162,   3.449,  -44.805,   26.406,   14.793,   63.064,   12.119,    4.147,   12.611,   22.157,    0.002,    0.000,    0.124,    0.009,   0.6480
163,   3.453,  -31.123,   21.921,    1.872,  249.491,    1.091,    1.630,    1.271,  333.040,    0.000,    0.000,    0.079,    0.223,   1.2192
164,   3.457,  -78.920,   30.771,   50.199,   40.761,  286.805,   16.967,  287.279,   31.202,    0.387,    0.046,    0.428,    0.102,   0.6291
165,   3.461,  -30.190,   21.497,    2.261,  286.028,    0.946,    1.487,    1.079,  309.603,    0.000,    0.000,    0.030,    0.177,   1.0252
166,   3.465,  -33.988,   22.213,    3.912,  196.418,    1.293,    1.651,    1.529,  118.602,    0.000,    0.000,    0.014,    0.060,   0.9935
167,   3.469,  -39.987,   25.654,    8.579,   99.252,    4.994,    3.323,    5.527,   45.649,    0.000,    0.000,    0.070,    0.026,   1.6831
168,   3.473,  -40.334,   23.990,    7.967,   93.953,    3.928,    2.564,    4.392,   36.565,    0.000,    0.000,    0.046,    0.014,   1.3866
169,   3.477,  -38.993,   26.458,    8.889,  109.828,    3.998,    2.934,    4.444,   42.747,    0.000,    0.000,    0.034,    0.014,   1.6205
170,   3.481,  -39.502,   25.458,    8.832,  112.741,    3.412,    2.582,    3.843,   40.276,    0.000,    0.000,    0.021,    0.009,   1.3418
171,   3.485,  -46.448,   31.584,   17.363,   72.664,   18.009,    6.295,   18.520,   31.705,    0.013,    0.000,    0.173,    0.021,   1.0524
172,   3.489,  -37.100,   23.526,    4.343,  162.548,    1.913,    2.039,    2.259,  105.349,    0.000,    0.000,    0.039,    0.071,   0.9986
173,   3.493,  -61.536,   28.446,   27.798,   47.266,   62.699,    8.582,   63.284,   25.508,    0.163,    0.004,    0.325,    0.044,   2.2820
174,   3.497,  -43.090,   25.571,    9.665,   83.595,    5.433,    2.826,    5.887,   30.228,    0.000,    0.000,    0.061,    0.010,   0.9258
175,   3.501,  -38.998,   23.610,    5.510,  139.395,    2.054,    1.906,    2.404,   64.872,    0.000,    0.000,    0.021,    0.027,   1.3157
176,   3.505,  -38.323,   23.618,    5.812,  139.023,    1.973,    1.860,    2.308,   58.723,    0.000,    0.000,    0.015,    0.019,   0.9675
177,   3.509,  -37.088,   24.521,    5.875,  130.541,    2.312,    2.124,    2.670,   57.960,    0.000,    0.000,    0.025,    0.023,   0.9776
178,   3.513,  -35.405,   23.153,    4.983,  170.734,    1.624,    1.868,    1.924,   86.968,    0.000,    0.000,    0.013,    0.037,   0.7385
179,   3.517,  -38.086,   23.314,    5.354,  182.226,    1.543,    1.697,    1.830,   87.366,    0.000,    0.000,    0.008,    0.030,   1.0899
180,   3.521,  -41.120,   27.232,   10.596,  104.039,    4.326,    2.823,    4.744,   33.535,    0.000,    0.000,    0.024,    0.006,   0.7097
181,   3.525,  -37.049,   27.491,    8.045,  116.181,    3.817,    3.026,    4.229,   49.201,    0.000,    0.000,    0.040,    0.019,   1.0018
182,   3.529,  -36.664,   25.174,    5.938,  117.140,    3.338,    2.824,    3.786,   64.272,    0.000,    0.000,    0.068,    0.046,   1.3880
183,   3.533,  -36.751,   24.176,    6.023,  149.604,    2.334,    2.376,    2.733,   76.749,    0.000,    0.000,    0.025,    0.037,   0.9641
184,   3.537,  -35.675,   23.827,    5.292,  164.629,    2.006,    2.230,    2.368,   92.347,    0.000,    0.000,    0.024,    0.049,   1.7294
185,   3.541,  -36.164,   23.767,    5.597,  126.609,    2.138,    2.001,    2.479,   54.084,    0.000,    0.000,    0.023,    0.020,   0.8785
186,   3.545,  -48.699,   30.377,   19.639,   70.274,   14.664,    4.810,   15.112,   22.078,    0.004,    0.000,    0.103,    0.005,   0.7810
187,   3.549,  -34.665,   22.961,    4.396,  162.099,    1.500,    1.721,    1.775,   82.335,    0.000,    0.000,    0.016,    0.036,   0.6509
188,   3.553,  -34.524,   25.043,    6.089,  147.243,    2.219,    2.346,    2.577,   67.985,    0.000,    0.000,    0.019,    0.026,   0.9549
189,   3.557,  -36.132,   24.868,    6.490,  127.743,    2.573,    2.373,    2.955,   55.129,    0.000,    0.000,    0.025,    0.021,   1.3957
190,   3.561,  -37.429,   25.204,    7.563,   88.538,    4.607,    2.961,    5.047,   37.784,    0.000,    0.000,    0.076,    0.020,   0.7821
191,   3.565,  -35.187,   24.336,    5.322,  147.433,    2.003,    2.106,    2.341,   71.975,    0.000,    0.000,    0.022,    0.032,   1.2105
192,   3.569,  -42.062,   26.609,   10.268,   84.701,    6.423,    3.382,    6.908,   33.246,    0.000,    0.000,    0.077,    0.014,   1.3723
193,   3.573,  -35.744,   23.235,    4.305,  167.302,    1.706,    1.922,    2.020,  101.278,    0.000,    0.000,    0.028,    0.060,   1.3891
194,   3.577,  -39.662,   27.642,   10.540,   92.772,    5.200,    3.120,    5.606,   30.944,    0.000,    0.000,    0.042,    0.007,   0.8469
195,   3.581,  -59.743,   36.250,   32.553,   61.561,   68.662,   12.310,   69.174,   33.571,    0.190,    0.007,    0.313,    0.045,   1.1869
196,   3.585,  -57.051,   34.189,   29.338,   61.257,   47.544,    9.497,   48.041,   28.194,    0.119,    0.002,    0.265,    0.026,   1.2818
197,   3.589,  -37.034,   26.607,    8.626,   88.733,    6.296,    3.958,    6.810,   43.071,    0.000,    0.000,    0.108,    0.031,   0.9140
198,   3.593,  -35.033,   19.561,    1.983,  376.700,    0.882,    1.147,    0.897,  524.240,    0.000,    0.000,    0.025,    0.232,   0.9183
199,   3.597,  -35.195,   23.154,    3.954,  134.952,    2.154,    2.188,    2.524,   89.907,    0.000,    0.000,    0.068,    0.076,   1.1099
200,   3.601,  -41.582,   27.420,   10.701,   81.698,    7.777,    3.899,    8.275,   34.481,    0.000,    0.000,    0.104,    0.019,   1.6766
201,   3.605,  -39.667,   27.207,    9.396,   96.769,    5.097,    3.222,    5.543,   37.988,    0.000,    0.000,    0.056,    0.014,   0.9438
202,   3.609,  -41.822,   24.774,    9.124,   81.827,    5.595,    2.992,    6.091,   32.471,    0.000,    0.000,    0.076,    0.015,   1.0963
203,   3.613,  -36.295,   21.474,    3.439,  197.522,    1.332,    1.595,    1.565,  141.777,    0.000,    0.000,    0.025,    0.089,   0.6397
204,   3.617,  -36.939,   23.435,    4.712,  135.043,    2.180,    2.100,    2.549,   75.779,    0.000,    0.000,    0.044,    0.049,   1.4844
205,   3.621,  -42.534,   27.428,   10.695,   90.270,    5.995,    3.277,    6.454,   33.329,    0.000,    0.000,    0.059,    0.011,   1.1569
206,   3.625,  -36.732,   23.290,    4.209,  163.204,    1.900,    2.056,    2.247,  109.542,    0.000,    0.000,    0.042,    0.077,   1.2841
207,   3.629,  -57.709,   27.404,   23.563,   49.254,   42.081,    7.057,   42.683,   24.320,    0.092,    0.002,    0.285,    0.033,   1.2175
208,   3.633,  -52.425,   28.787,   20.002,   56.113,   29.464,    6.590,   30.019,   26.456,    0.049,    0.001,    0.248,    0.028,   1.2061
209,   3.637, -110.235,   34.274,   78.203,   44.470,  516.492,   22.235,  517.095,   36.793,    0.412,    0.071,    0.437,    0.118,   0.9221
210,   3.641,  -48.052,   27.851,   15.971,   63.515,   16.325,    5.032,   16.866,   26.317,    0.007,    0.000,    0.171,    0.018,   1.3325
211,   3.645,  -56.798,   30.508,   24.421,   56.696,   38.137,    7.531,   38.686,   26.371,    0.077,    0.001,    0.259,    0.027,   1.2266
212,   3.649,  -42.403,   24.049,    8.445,   83.038,    4.910,    2.684,    5.395,   32.784,    0.000,    0.000,    0.069,    0.014,   0.8096
213,   3.653,  -38.013,   24.545,    6.380,  112.685,    2.859,    2.293,    3.250,   48.217,    0.000,    0.000,    0.037,    0.020,   0.9150
214,   3.657,  -36.080,   21.982,    3.824,  173.602,    1.537,    1.764,    1.821,  113.670,    0.000,    0.000,    0.029,    0.073,   1.1922
215,   3.661,  -36.260,   22.777,    4.722,  115.957,    2.222,    1.987,    2.579,   57.307,    0.000,    0.000,    0.045,    0.033,   0.8403
216,   3.665,  -38.502,   25.070,    7.104,   94.622,    4.006,    2.684,    4.433,   40.716,    0.000,    0.000,    0.065,    0.020,   0.9162
217,   3.669,  -34.840,   21.579,    2.266,  177.961,    1.477,    1.776,    1.745,  194.754,    0.000,    0.000,    0.103,    0.179,   1.5983
218,   3.673,  -74.309,   10.336,   56.636,    5.357,   59.360,    2.287,   55.273,    2.705,    0.110,    0.001,    0.153,    0.036,   1.3892
219,   3.677,  -37.968,   23.636,    6.743,   88.934,    3.772,    2.501,    4.203,   37.328,    0.000,    0.000,    0.065,    0.019,   1.1480
220,   3.681,  -74.175,   29.071,   41.893,   40.490,  190.104,   13.591,  190.636,   28.787,    0.343,    0.028,    0.409,    0.088,   1.0218
221,   3.685,  -65.743,   29.929,   34.680,   45.544,  106.942,   11.514,  107.502,   27.880,    0.264,    0.013,    0.369,    0.062,   1.3135
222,   3.689,  -35.228,   22.671,    4.764,  139.002,    2.012,    2.096,    2.369,   75.140,    0.000,    0.000,    0.034,    0.044,   1.0510
223,   3.693,  -33.567,   20.217,    3.366,  194.600,    1.341,    1.709,    1.544,  142.417,    0.000,    0.000,    0.026,    0.093,   1.2796
224,   3.697,  -47.685,   23.629,   15.963,   48.110,   22.163,    5.091,   22.782,   22.303,    0.027,    0.000,    0.237,    0.027,   1.9105
225,   3.701,  -47.662,   25.198,   16.275,   57.241,   15.623,    4.520,   16.205,   21.778,    0.006,    0.000,    0.158,    0.012,   1.3754
226,   3.705,  -46.573,   23.193,   15.372,   43.566,   30.893,    6.143,   31.533,   25.640,    0.075,    0.002,    0.307,    0.056,   0.7723
227,   3.709,  -36.129,   21.003,    5.768,   78.041,    3.495,    2.296,    3.943,   34.103,    0.000,    0.000,    0.080,    0.022,   0.9002
228,   3.713,  -36.914,   21.846,    6.798,   65.194,    5.573,    2.814,    6.051,   29.782,    0.000,    0.000,    0.133,    0.025,   0.9832
229,   3.717,  -45.491,   22.772,   15.431,   40.852,   35.125,    6.404,   35.729,   25.127,    0.104,    0.003,    0.327,    0.062,   1.0075
230,   3.721,  -40.438,   24.551,   12.851,   56.883,   13.647,    4.717,   14.204,   24.528,    0.007,    0.000,    0.181,    0.021,   1.0730
231,   3.725,  -49.098,   24.615,   20.560,   41.391,   53.503,    8.361,   54.124,   25.999,    0.178,    0.007,    0.347,    0.066,   1.5546
232,   3.729,  -47.806,   23.200,   16.696,   43.827,   28.056,    5.498,   28.651,   21.771,    0.055,    0.001,    0.275,    0.034,   1.1186
233,   3.733,  -57.040,   24.802,   22.376,   42.015,   49.575,    6.826,   50.168,   22.809,    0.128,    0.002,    0.322,    0.044,   1.4298
234,   3.737,  -70.476,   26.364,   30.754,   41.565,   85.160,    8.412,   85.801,   24.473,    0.201,    0.005,    0.355,    0.056,   1.3240
235,   3.741,  -52.938,   24.338,   14.629,   50.514,   18.379,    4.023,   18.911,   21.902,    0.008,    0.000,    0.216,    0.021,   0.9795
236,   3.745,  -36.882,   19.744,    1.152,  256.032,    0.958,    1.157,    1.046,  488.509,    0.000,    0.000,    0.137,    0.295,   0.7947
237,   3.749,  -43.236,   22.453,   10.681,   41.100,   32.383,    6.407,   33.001,   34.830,    0.098,    0.003,    0.368,    0.123,   0.8584
238,   3.753,  -30.580,   17.787,    1.177,   43.035,   10.227,    3.992,   10.874,  155.529,    0.007,    0.001,    0.455,    0.387,   1.4269
239,   3.757,  -22.099,   21.945,    3.261,   48.460,   14.850,    8.032,   15.440,   82.431,    0.077,    0.010,    0.413,    0.273,   1.2152
240,   3.761,   -9.932,   16.229,   -1.792,  133.648,    1.216,    4.290,    1.299,  118.749,    0.000,    0.002,    0.091,    0.133,   1.2633
241,   3.765,   10.577,   61.092,  -10.601,   73.788, 2662.607, 1456.126, 2663.081, 1758.147,    0.498,    0.483,    0.498,    0.483,   1.1004
242,   3.769,   40.089,   39.115,  -26.791,   60.028,  133.702,   30.176,  134.209,   62.687,    0.378,    0.103,    0.418,    0.169,   1.0979
243,   3.773,   61.381,   32.357,  -32.514,   55.463,   51.833,    8.441,   52.311,   22.886,    0.122,    0.002,    0.262,    0.017,   0.8139
244,   3.777,   91.257,   37.119,  -55.095,   57.388,  110.170,   10.658,  110.644,   24.271,    0.201,    0.003,    0.304,    0.019,   0.9904
245,   3.781,   87.478,   34.167,  -45.503,   58.978,   51.989,    6.288,   52.448,   17.828,    0.057,    0.000,    0.191,    0.004,   0.5985
246,   3.785,   68.188,   31.963,  -27.661,   69.000,   20.186,    4.414,   20.651,   19.303,    0.004,    0.000,    0.097,    0.003,   0.9105
247,   3.789,   60.134,   30.219,  -23.941,   63.626,   21.869,    5.025,   22.374,   21.213,    0.010,    0.000,    0.144,    0.007,   1.4446
248,   3.793,   54.444,   34.763,  -25.142,   66.546,   35.935,    8.588,   36.415,   30.489,    0.074,    0.001,    0.240,    0.026,   1.0753
249,   3.797,   43.821,   38.109,  -21.423,   76.268,   35.592,   12.126,   36.072,   44.563,    0.114,    0.005,    0.271,    0.055,   1.4835
250,   3.801,   42.382,   40.213,  -23.016,   73.234,   55.554,   17.367,   56.031,   53.219,    0.219,    0.021,    0.335,    0.092,   0.6673
251,   3.805,   28.389,   40.226,  -12.908,   87.802,   28.680,   17.752,   29.143,   79.785,    0.161,    0.022,    0.323,    0.138,   1.1640
252,   3.809,   35.571,   43.894,  -21.272,   71.652,  116.823,   37.596,  117.339,   96.502,    0.376,    0.125,    0.425,    0.225,   1.2709
253,   3.813,   27.444,   45.771,  -15.623,   84.378,   62.816,   34.064,   63.263,  106.984,    0.326,    0.096,    0.399,    0.212,   1.0791
254,   3.817,   36.773,   43.630,  -24.557,   60.638,  310.463,   63.492,  310.947,  124.132,    0.451,    0.241,    0.467,    0.307,   0.7724
255,   3.821,   47.365,   54.057,  -37.539,   67.698, 1127.924,  146.812, 1128.342,  228.477,    0.483,    0.351,    0.486,    0.379,   0.7133
256,   3.825,   23.563,   47.141,  -14.042,   86.017,   65.360,   41.462,   65.782,  124.532,    0.354,    0.131,    0.412,    0.240,   0.6158
257,   3.829,   43.829,   59.549,  -34.997,   76.004, 1153.201,  192.120, 1153.643,  307.935,    0.484,    0.374,    0.487,    0.399,   1.3405
258,   3.833,   14.997,   44.503,   -5.901,  100.886,   30.229,   39.698,   30.678,  229.116,    0.304,    0.134,    0.421,    0.324,   1.1528
259,   3.837,   33.922,   46.719,  -23.542,   69.318,  191.720,   54.353,  192.151,  111.084,    0.427,    0.193,    0.449,    0.261,   1.0548
260,   3.841,   16.626,   42.166,   -9.437,   98.472,   25.248,   30.000,   25.699,  120.703,    0.250,    0.088,    0.352,    0.204,   0.8644
261,   3.845,   12.239,   38.272,   -5.155,  148.291,    7.829,   19.457,    8.260,  197.300,    0.069,    0.036,    0.261,    0.222,   0.9566
262,   3.849,   10.780,   32.087,   -2.488,  448.150,    1.820,    8.773,    2.125, 1140.158,    0.000,    0.002,    0.124,    0.342,   1.0398
263,   3.853,   20.904,   49.967,  -13.632,   92.343,   67.231,   51.274,   67.638,  146.644,    0.373,    0.165,    0.417,    0.259,   0.6412
264,   3.857,   41.276,   58.769,  -34.251,   73.303, 1505.430,  238.303, 1505.881,  357.675,    0.489,    0.399,    0.491,    0.415,   1.1878
265,   3.861,   15.411,   37.299,   -6.886,  103.423,   12.870,   18.703,   13.301,  109.725,    0.120,    0.035,    0.297,    0.172,   0.7288
266,   3.865,   20.927,   45.191,  -12.945,   79.449,   76.686,   49.690,   77.145,  135.253,    0.388,    0.180,    0.431,    0.273,   0.7736
267,   3.869,   23.604,   43.298,  -15.373,   73.520,   90.036,   46.848,   90.533,  114.554,    0.392,    0.176,    0.430,    0.255,   1.6754
268,   3.873,   22.925,   46.360,  -15.223,   75.518,  112.236,   58.258,  112.679,  137.083,    0.416,    0.210,    0.444,    0.285,   0.8284
269,   3.877,   16.822,   49.233,   -9.806,  102.891,   44.058,   49.614,   44.480,  184.096,    0.346,    0.161,    0.409,    0.283,   0.8882
270,   3.881,   36.752,   62.419,  -29.845,   83.900,  764.693,  191.984,  765.143,  323.831,    0.480,    0.368,    0.484,    0.394,   0.8608
271,   3.885,   16.778,   40.293,   -8.384,  109.430,   14.593,   19.848,   14.998,  107.108,    0.128,    0.033,    0.283,    0.154,   0.8930
272,   3.889,   21.305,   47.591,  -13.840,   85.318,   86.284,   59.136,   86.792,  160.251,    0.399,    0.207,    0.434,    0.292,   1.4206
273,   3.893,   22.800,   45.568,  -15.007,   85.973,   57.630,   38.962,   58.083,  108.538,    0.341,    0.125,    0.394,    0.211,   1.0804
274,   3.897,   39.371,   54.005,  -32.918,   73.765,  505.079,  109.857,  505.538,  177.447,    0.468,    0.306,    0.473,    0.333,   1.1102
275,   3.901,   18.726,   49.403,  -12.997,  100.851,   46.405,   45.559,   46.815,  137.989,    0.338,    0.141,    0.386,    0.228,   1.3727
276,   3.905,   17.900,   22.828,   -3.705,  135.153,    2.519,    5.064,    2.959,  113.697,    0.000,    0.001,    0.110,    0.121,   0.8878
277,   3.909,   29.844,   36.459,  -19.685,   51.968,  217.355,   50.718,  217.905,   98.158,    0.443,    0.232,    0.462,    0.293,   1.4671
278,   3.913,   17.835,   33.755,   -8.839,   63.486,   42.411,   29.369,   42.965,   94.212,    0.332,    0.128,    0.415,    0.245,   1.0953
279,   3.917,   14.662,   32.879,   -5.600,  123.317,    5.446,   10.443,    5.825,   97.026,    0.011,    0.005,    0.168,    0.107,   0.6106
280,   3.921,   23.451,   54.236,  -16.930,   86.689,  163.753,   90.493,  164.184,  202.566,    0.441,    0.269,    0.457,    0.329,   0.9699
281,   3.925,   26.725,   52.160,  -19.779,   82.053,  184.391,   83.670,  184.871,  176.987,    0.440,    0.261,    0.456,    0.316,   0.7856
282,   3.929,   18.139,   44.853,  -10.700,  100.776,   28.968,   31.259,   29.382,  119.528,    0.260,    0.084,    0.353,    0.197,   1.0260
283,   3.933,   23.642,   42.757,  -14.963,   84.571,   41.797,   28.065,   42.237,   83.343,    0.280,    0.073,    0.357,    0.156,   0.8976
284,   3.937,   12.880,   27.718,   -3.625,  147.159,    2.736,    7.396,    3.100,  129.391,    0.000,    0.002,    0.125,    0.131,   0.9254
285,   3.941,   23.228,   43.968,  -14.216,   86.669,   43.591,   30.219,   44.021,   93.725,    0.292,    0.081,    0.369,    0.176,   0.6260
286,   3.945,   17.173,   37.306,   -7.406,  117.876,   11.382,   16.878,   11.868,  122.135,    0.075,    0.025,    0.261,    0.167,   1.0619
287,   3.949,   26.049,   35.861,  -13.817,   90.207,   16.095,   12.140,   16.561,   51.660,    0.063,    0.007,    0.199,    0.052,   0.6601
288,   3.953,   26.558,   31.499,  -12.710,   77.578,   14.532,    9.726,   15.027,   41.118,    0.045,    0.005,    0.196,    0.041,   1.3318
289,   3.957,   37.613,   31.569,  -21.544,   58.216,   43.504,   13.116,   44.082,   34.727,    0.191,    0.018,    0.307,    0.058,   1.7755
290,   3.961,   30.966,   21.873,   -9.193,   86.102,    3.231,    2.672,    3.658,   23.537,    0.000,    0.000,    0.015,    0.002,   1.5727
291,   3.965,   44.075,   28.930,  -22.449,   57.138,   25.665,    7.014,   26.169,   21.380,    0.054,    0.001,    0.193,    0.011,   0.7941
292,   3.969,   44.569,   28.387,  -23.081,   56.962,   19.923,    5.461,   20.349,   16.461,    0.023,    0.000,    0.131,    0.003,   0.5545
293,   3.973,   32.547,   20.735,   -8.673,   82.110,    3.148,    2.441,    3.589,   23.070,    0.000,    0.000,    0.018,    0.003,   1.0018
294,   3.977,   24.999,   18.917,   -4.811,  155.947,    1.316,    2.071,    1.510,   64.922,    0.000,    0.000,    0.005,    0.018,   1.5637
295,   3.981,   23.214,   23.780,   -6.812,   95.429,    3.430,    3.969,    3.852,   38.951,    0.000,    0.000,    0.050,    0.017,   1.1005
296,   3.985,   21.234,   26.105,   -7.151,   95.888,    4.823,    5.788,    5.292,   48.206,    0.001,    0.001,    0.095,    0.035,   0.6652
297,   3.989,   22.498,   24.281,   -7.705,   84.138,    4.631,    4.808,    5.085,   34.558,    0.000,    0.000,    0.074,    0.017,   1.0232
298,   3.993,   26.441,   26.563,  -12.624,   70.494,    8.513,    5.729,    8.959,   23.571,    0.006,    0.000,    0.087,    0.007,   0.5448
299,   3.997,   19.767,   27.872,   -8.252,  100.399,    5.089,    6.591,    5.526,   45.763,    0.002,    0.001,    0.077,    0.025,   1.1259
300,   4.001,   23.962,   34.570,  -13.231,   78.147,   20.695,   14.469,   21.177,   51.050,    0.127,    0.018,    0.261,    0.072,   1.5471
301,   4.005,   14.874,   23.092,   -4.329,  100.199,    2.855,    5.485,    3.251,   58.235,    0.000,    0.001,    0.098,    0.054,   1.1053
302,   4.009,   17.114,   30.224,   -7.234,   91.763,    8.367,   10.888,    8.846,   64.545,    0.032,    0.010,    0.204,    0.086,   1.0554
303,   4.013,   15.522,   29.065,   -6.124,  127.317,    4.094,    8.090,    4.517,   80.388,    0.002,    0.003,    0.095,    0.067,   0.8930
304,   4.017,   18.675,   33.445,   -9.597,   88.571,   11.792,   12.691,   12.226,   56.541,    0.067,    0.012,    0.213,    0.068,   1.0748
305,   4.021,   33.387,   41.641,  -25.040,   61.407,  186.882,   48.100,  187.375,   87.421,    0.426,    0.191,    0.445,    0.237,   1.3777
306,   4.025,   26.735,   41.075,  -17.561,   74.987,   53.951,   27.275,   54.402,   69.943,    0.305,    0.075,    0.369,    0.143,   1.1319
307,   4.029,   11.237,   29.136,   -4.309,  191.011,    2.611,    9.216,    2.986,  173.323,    0.001,    0.005,    0.083,    0.137,   0.9112
308,   4.033,   13.231,   31.004,   -6.015,  133.553,    4.195,    9.767,    4.579,   87.691,    0.005,    0.005,    0.101,    0.073,   0.8188
309,   4.037,   12.903,   25.114,   -5.052,  111.909,    3.125,    7.250,    3.529,   64.242,    0.001,    0.003,    0.084,    0.052,   1.1779
310,   4.041,   18.803,   39.731,  -11.582,   71.636,   52.944,   36.313,   53.389,   96.556,    0.356,    0.139,    0.411,    0.225,   0.7741
311,   4.045,   12.545,   26.890,   -4.243,  110.205,    3.591,    8.141,    3.977,   79.842,    0.003,    0.004,    0.145,    0.091,   0.8733
312,   4.049,   19.700,   35.931,  -11.923,   72.446,   30.716,   22.621,   31.185,   65.689,    0.256,    0.066,    0.346,    0.137,   0.9699
313,   4.053,   15.255,   28.961,   -7.967,   68.348,   14.256,   14.910,   14.749,   52.458,    0.144,    0.038,    0.289,    0.102,   0.5382
314,   4.057,   21.350,   27.871,  -11.089,   54.904,   28.330,   15.485,   28.909,   45.453,    0.222,    0.047,    0.345,    0.118,   0.6675
315,   4.061,   22.058,   39.152,  -14.973,   65.751,   82.912,   41.762,   83.429,   93.142,    0.391,    0.173,    0.426,    0.236,   0.7243
316,   4.065,   21.766,   40.363,  -14.918,   70.783,   66.853,   38.064,   67.338,   88.947,    0.368,    0.146,    0.409,    0.210,   1.0731
317,   4.069,   11.142,   24.308,   -3.570,  143.915,    1.996,    6.530,    2.328,  101.697,    0.000,    0.002,    0.072,    0.086,   1.1759
318,   4.073,   13.019,   31.219,   -7.599,   59.315,   33.253,   30.348,   33.760,   80.622,    0.342,    0.153,    0.407,    0.227,   0.9261
319,   4.077,   15.743,   41.080,  -10.709,   86.896,   30.151,   32.664,   30.577,   95.648,    0.295,    0.109,    0.358,    0.180,   1.2189
320,   4.081,   30.181,   39.264,  -23.807,   55.295,  230.741,   54.700,  231.216,   89.256,    0.446,    0.232,    0.457,    0.263,   1.0695
321,   4.085,   29.906,   36.795,  -22.614,   53.206,  170.221,   41.690,  170.695,   71.384,    0.427,    0.187,    0.445,    0.224,   1.0065
322,   4.089,   15.955,   32.216,  -10.054,   58.469,   46.531,   32.576,   47.093,   77.935,    0.361,    0.161,    0.412,    0.223,   1.2602
323,   4.093,   48.792,   43.412,  -42.378,   53.915, 1059.941,  105.509, 1060.462,  143.365,    0.481,    0.335,    0.483,    0.348,   1.4831
324,   4.097,    9.722,   25.439,   -3.905,  107.945,    3.378,   10.018,    3.786,   82.139,    0.008,    0.014,    0.152,    0.101,   1.0686
325,   4.101,    8.766,   17.436,   -2.016,  184.080,    1.132,    5.013,    1.180,  172.913,    0.000,    0.003,    0.055,    0.145,   1.3379
326,   4.105,   13.578,   33.135,   -7.792,   83.247,   15.165,   20.957,   15.666,   78.097,    0.184,    0.067,    0.304,    0.145,   0.9512
327,   4.109,   14.880,   48.580,  -11.105,   89.811,   73.774,   77.462,   74.247,  191.251,    0.417,    0.260,    0.438,    0.314,   1.2681
328,   4.113,   10.090,   34.692,   -5.371,  128.494,    6.953,   19.543,    7.386,  134.385,    0.082,    0.049,    0.229,    0.169,   0.9558
329,   4.117,   12.024,   37.237,   -7.278,   93.207,   18.448,   30.615,   18.942,  116.360,    0.252,    0.116,    0.345,    0.208,   0.8653
330,   4.121,   10.746,   36.012,   -7.053,   82.818,   21.059,   34.464,   21.540,  106.885,    0.299,    0.149,    0.367,    0.216,   1.2933
331,   4.125,    8.125,   31.874,   -3.702,  130.966,    5.095,   18.778,    5.515,  161.559,    0.065,    0.056,    0.246,    0.206,   1.7422
332,   4.129,    7.931,   27.044,   -3.126,  121.714,    3.560,   13.806,    3.981,  132.613,    0.024,    0.037,    0.213,    0.178,   1.0403
333,   4.133,   11.209,   34.997,   -7.343,   80.166,   19.333,   29.649,   19.792,   90.146,    0.276,    0.123,    0.350,    0.185,   0.8356
334,   4.137,    9.346,   14.976,   -2.428,  168.264,    1.148,    4.020,    1.020,  110.442,    0.000,    0.002,    0.019,    0.073,   1.7498
335,   4.141,   15.098,   38.653,  -11.038,   73.153,   46.394,   42.298,   46.892,   98.526,    0.368,    0.179,    0.403,    0.225,   1.3525
336,   4.145,    7.978,   23.721,   -3.739,  151.351,    2.028,    9.644,    2.384,  111.504,    0.001,    0.016,    0.068,    0.094,   0.9673
337,   4.149,   14.990,   47.044,  -11.345,   83.284,   80.553,   76.073,   81.013,  173.493,    0.423,    0.263,    0.442,    0.310,   1.3920
338,   4.153,    6.604,   24.629,   -4.095,   97.285,    3.877,   15.717,    4.325,   73.885,    0.055,    0.068,    0.171,    0.100,   1.1319
339,   4.157,   10.358,   27.164,   -4.663,   52.038,   27.862,   29.270,   28.389,   95.863,    0.350,    0.176,    0.432,    0.288,   1.1177
340,   4.161,   10.620,   25.001,   -4.608,   70.156,    8.156,   14.211,    8.680,   65.505,    0.102,    0.051,    0.292,    0.144,   0.9957
341,   4.165,   -9.985,   58.713,   12.825,   37.112,   99.262,  129.561,   98.775,   71.865,    0.458,    0.320,    0.446,    0.297,   0.7157
342,   4.169,    8.203,   34.308,   -5.256,   82.951,   17.448,   38.793,   17.943,  126.692,    0.314,    0.186,    0.380,    0.251,   1.3421
343,   4.173,   22.412,   45.818,  -19.694,   58.730,  741.047,  194.004,  741.535,  270.389,    0.487,    0.403,    0.489,    0.410,   0.9820
344,   4.177,   16.955,   36.011,  -14.430,   53.025,  156.286,   69.800,  156.798,  107.191,    0.455,    0.297,    0.462,    0.305,   0.8778
345,   4.181,   25.423,   42.046,  -21.962,   56.751,  378.753,   98.463,  379.239,  143.666,    0.472,    0.329,    0.476,    0.341,   1.0959
346,   4.185,   13.650,   34.863,   -9.964,   63.506,   45.018,   39.346,   45.509,   84.284,    0.376,    0.186,    0.410,    0.222,   1.2094
347,   4.189,   18.425,   33.503,  -15.482,   51.455,  115.643,   50.058,  116.198,   78.984,    0.434,    0.247,    0.445,    0.252,   1.3891
348,   4.193,    5.351,   12.839,   -2.230,  161.208,    1.108,    5.412,    0.782,   89.513,    0.000,    0.019,    0.009,    0.047,   0.9968
349,   4.197,    7.585,   30.700,   -5.668,   85.028,    9.863,   26.335,   10.322,   80.079,    0.217,    0.125,    0.286,    0.146,   0.9960
