yIndex,   yValue,        a,       Ta,        b,       Tb,     e(a),    e(Ta),     e(b),    e(Tb),      SSR,       DF, chi-sq/ndf
    0,   2.8010, 112.4652,   1.5001,   1.0241, 142.5706, 141.9888,   0.6147,   0.3426,  93.1863, 7.6475e+03,   796,  0.99484 
    1,   2.8050,   5.3195,  12.4617,   0.2473, 796931.6879,   1.3978,   5.0115,   0.4401, 9961114624.4109, 6.8206e+03,   796,  0.98502 
    2,   2.8090,  32.0051,  24.6527, -26.0572,  29.9925,  39.2291,   4.8720,  39.2649,   6.0014, 6.7576e+03,   796,  0.91351 
    3,   2.8130,  11.1179,  22.3569,  -4.9668,  34.1658, 105.7973,  53.4581, 106.7424, 141.8357, 8.4358e+03,   796,  0.98721 
    4,   2.8170,   6.6281,   9.6793,   1.3230,  57.9523,   1.8270,   5.1731,   1.4851,  50.2601, 6.1605e+03,   796,  0.69684 
    5,   2.8210,  56.1664,   1.9608,   2.8322,  33.9474,  54.9177,   0.8289,   0.8614,  10.5177, 6.4365e+03,   796,  0.68047 
    6,   2.8250,  12.8825,   4.4694,   1.3448, 126.1560,   6.7420,   1.8371,   0.4523,  69.2195, 7.2327e+03,   796,  1.09502 
    7,   2.8290, 148.5391,   1.1551,   2.1021,  59.2124, 436.2778,   0.8854,   0.4863,  17.5303, 7.2625e+03,   796,  0.77700 
    8,   2.8330,   4.5664,  16.9425,   0.3109, 379309.9052,   1.0974,   8.1932,   0.6406, 2449794165.0135, 7.9561e+03,   796,  1.11605 
    9,   2.8370,   3.1381,  30.4939,   0.1404, 201586.1576,   1.1768,  25.7723,   1.4556, 2880923099.2491, 6.8642e+03,   796,  1.05334 
   10,   2.8410,   3.4991,  25.2671,   0.2058, 262997.6090,   0.8934,  16.2874,   1.0163, 2507783923.7447, 6.5227e+03,   796,  1.48273 
   12,   2.8490,   4.6790,  17.1585,   0.1555, 229897.9757,   1.0964,   8.1855,   0.6568, 1839472283.9864, 8.1200e+03,   796,  1.20208 
   13,   2.8530,  95.6547,   1.4418,   2.4014,  25.9370, 165.6890,   0.8252,   1.0054,  10.7882, 6.0956e+03,   796,  1.05195 
   14,   2.8570,   5.5885,  14.5141,   0.2150, 351397.1555,   1.2301,   5.5778,   0.5242, 2576722672.3329, 7.3836e+03,   796,  1.05314 
   15,   2.8610,   5.0293,  16.6152,   0.5740, 931797.5609,   1.1808,   7.7089,   0.6623, 8316451600.9547, 8.8917e+03,   796,  0.82499 
   16,   2.8650,  15.2790,  36.0823, -11.5995,  45.9875, 655.0433, 198.6408, 655.7325, 303.6724, 7.9433e+03,   796,  0.93856 
   17,   2.8690,   5.1204,  16.0645,  -0.0386, 43488.1753,   1.1236,   6.7571,   0.5896, 241878767.7891, 7.5579e+03,   796,  1.31168 
   18,   2.8730,   5.7832,  13.0247,   0.2976, 716041.8845,   1.3982,   5.0014,   0.4801, 7231046679.0107, 7.5419e+03,   796,  1.17753 
   19,   2.8770,   4.8914,  13.2197,   0.2319, 297526.5999,   1.3290,   5.7779,   0.4700, 1564216216.5240, 7.0433e+03,   796,  1.44468 
   20,   2.8810,   3.7124,  24.0927,   0.0591, 143888.3976,   0.8094,  13.2894,   0.8767, 2291816741.9497, 5.6638e+03,   796,  0.59304 
   21,   2.8850,   4.8845,  17.9938,   0.1936, 724560.9563,   0.9162,   7.1741,   0.6041, 13329042634.8989, 6.1362e+03,   796,  0.68868 
   22,   2.8890,  20.2925,  27.6811, -14.6679,  35.8308, 455.2998,  87.1660, 456.1010, 135.6849, 7.5783e+03,   796,  0.72814 
   23,   2.8930,  13.8143,  32.0595, -10.2757,  38.8423, 1182.7968, 277.7908, 1183.5461, 412.5987, 7.8328e+03,   796,  1.06215 
   24,   2.8970,   8.0551,   9.6843,   1.0076, 182.7893,   1.8341,   3.1294,   0.5609, 192.8764, 6.4193e+03,   796,  0.70399 
   26,   2.9050,   5.7329,   8.3772,   1.2109,  82.8084,   2.1104,   4.5049,   0.7988,  57.4420, 5.7823e+03,   796,  0.97198 
   27,   2.9090,  24.2808,   2.4869,   2.2694,  38.6456,  25.2831,   1.3801,   0.7872,  13.5436, 5.7792e+03,   796,  0.64780 
   28,   2.9130,  50.9060,   1.7510,   3.2175,  25.9853,  88.5193,   1.2135,   1.1989,   9.2398, 7.2921e+03,   796,  0.78214 
   29,   2.9170,  10.5515,   8.5796,  -0.5560, 718290.3696,   2.3324,   2.1889,   0.3614, 3122620868.6656, 7.4910e+03,   796,  1.15015 
   30,   2.9210,   8.8797,   9.2857,   0.9251,  25.6588,   7.3634,   8.5714,   8.9483, 104.6999, 6.4248e+03,   796,  0.95907 
   31,   2.9250,   5.6940,  27.1204,  -1.3369,  99.7458,   2.6451,  13.7549,   2.9180, 146.1572, 6.6877e+03,   796,  0.86978 
   32,   2.9290,   7.3809,  11.2555,  -0.0903, 108878.6178,   1.5066,   3.2401,   0.3900, 459124191.7725, 6.2443e+03,   796,  1.03102 
   33,   2.9330,   5.7893,  15.6133,   0.6667, 660606.8441,   1.0578,   5.3226,   0.5226, 2881338604.5345, 6.3368e+03,   796,  0.92944 
   35,   2.9410,   5.8924,  15.7982,   0.2837, 731044.5742,   1.1495,   5.8130,   0.5817, 9203900972.6575, 7.6585e+03,   796,  1.01527 
   36,   2.9450,   7.9171,  10.2980,   0.2056, 787714.5567,   1.8653,   3.1957,   0.4074, 11174314904.6109, 7.7024e+03,   796,  1.44071 
   37,   2.9490,   6.5041,  11.3529,   0.2245, 429199.3641,   1.4194,   3.5172,   0.3733, 2742954353.5247, 5.6577e+03,   796,  0.62807 
   38,   2.9530,   4.9425,  24.8231,   0.3237, 446204.9924,   0.9122,  11.5911,   1.0201, 4634729549.0732, 6.9701e+03,   796,  1.17491 
   39,   2.9570,  28.1472,  24.8817, -21.7008,  28.7564,  40.4303,   6.3267,  40.4468,   8.0040, 7.1464e+03,   796,  0.97135 
   40,   2.9610,   4.8878,  15.5677,   0.2204, 672747.1131,   1.0442,   6.1887,   0.5128, 8877182541.6178, 6.1398e+03,   796,  0.62158 
   41,   2.9650,   7.5557,  22.4643,  -2.3040,  92.6945,   2.9789,  11.3446,   3.4833, 101.1797, 6.4221e+03,   796,  1.10785 
   42,   2.9690,  26.1985,  32.7099, -19.7482,  42.9007, 379.7208,  69.2144, 380.3494, 106.8051, 5.9665e+03,   796,  1.02076 
   44,   2.9770,  30.7404,  27.1151, -24.8151,  32.5175,  38.1766,   5.3028,  38.2026,   6.5783, 6.4013e+03,   796,  1.43117 
   45,   2.9810,  18.7753,  20.4980, -12.1549,  24.5927, 1260.4358, 134.2200, 1261.4865, 220.3718, 6.7301e+03,   796,  1.09982 
   46,   2.9850,  16.9974,  17.4648, -10.0648,  22.0411, 734.5541,  96.6104, 735.9687, 175.0883, 8.6701e+03,   796,  1.48148 
   47,   2.9890, 5334.9174,   0.6554,   3.1534,  29.9508, 13084.4332,   0.2513,   0.7684,   8.3432, 7.4052e+03,   796,  0.98507 
   48,   2.9930,  13.9133,   4.2742,   2.5984,  30.1954,   8.0087,   2.5304,   1.8516,  16.4820, 7.4099e+03,   796,  0.76164 
   50,   3.0010,  14.4044,  24.7524,  -7.5125,  35.2584,  10.5456,   5.9943,  10.6506,  10.1746, 6.4648e+03,   796,  1.13162 
   51,   3.0050,  28.8753,  32.1891, -23.7879,  37.6337,  38.4888,   6.6826,  38.5036,   8.1055, 6.5081e+03,   796,  0.94182 
   53,   3.0130,   8.6438,  13.5771,   0.8163, 2772995.5159,   1.3037,   3.3703,   0.4860, 39700723526.0607, 7.1873e+03,   796,  0.92683 
   54,   3.0170,  13.3966,  30.0189,  -7.7304,  54.4060,  35.4191,  28.3285,  35.9782,  70.6093, 5.2179e+03,   796,  0.80054 
   55,   3.0210,   9.2570,  18.9421,  -2.4040,  97.4199,   1.9206,   6.9327,   2.3518,  80.0912, 7.2063e+03,   796,  0.74712 
   56,   3.0250,  25.6728,  35.5721, -19.7752,  45.2840, 591.2634, 104.7996, 591.8899, 157.3948, 6.4509e+03,   796,  0.88723 
   57,   3.0290,  28.5028,  32.6362, -21.9150,  43.2112, 344.3514,  59.7419, 344.9812,  90.9010, 6.0087e+03,   796,  0.65297 
   59,   3.0370,  18.7286,  34.7121, -12.9726,  50.4884, 173.2153,  66.0181, 173.8611, 120.8666, 7.2032e+03,   796,  1.26171 
   60,   3.0410,  24.0402,  41.8859, -18.6460,  54.0901, 597.9496, 139.2942, 598.5254, 216.3952, 6.5521e+03,   796,  1.09826 
   61,   3.0450,  12.5921,   4.7445,   3.6497,  22.0200,   5.2221,   2.7093,   2.7298,   9.7520, 5.7687e+03,   796,  1.06219 
   62,   3.0490,   7.6187,  18.0354,   0.2920, 405100.6814,   0.9743,   4.9132,   0.6455, 2950596212.4150, 6.9656e+03,   796,  1.01026 
   63,   3.0530,   6.2045,  22.3122,   0.4216, 715405.9944,   0.8461,   7.5486,   0.8261, 7675195150.2738, 6.3907e+03,   796,  1.06454 
   64,   3.0570,  21.5751,  26.5470, -14.3950,  32.6330, 823.0320, 111.9310, 823.8264, 183.1368, 6.6658e+03,   796,  1.21382 
   65,   3.0610,  11.6098,  17.1698,  -2.9040,  59.8781,   3.4280,   6.3978,   4.0565,  47.0494, 6.6018e+03,   796,  0.81328 
   66,   3.0650,  30.2457,  22.8347, -22.7423,  26.8250,  41.5647,   5.4959,  41.5886,   7.1271, 7.5535e+03,   796,  1.37125 
   67,   3.0690,  10.3979,  13.1153,  -0.3435,  33.3425,   9.1670,   9.7595,  10.3139, 397.3070, 7.3699e+03,   796,  0.72698 
   68,   3.0730,   8.4789,  14.5866,   0.1752, 232874.7585,   1.1534,   3.4800,   0.4965, 1313666095.1911, 6.5596e+03,   796,  0.88960 
   69,   3.0770,  45.0411,  25.6506, -35.1585,  31.2530,  42.4321,   3.8431,  42.4700,   4.9669, 7.8777e+03,   796,  0.86057 
   70,   3.0810,  10.4254,  15.0462,  -0.7397,  58.4471,   2.2609,   5.2033,   2.6478, 123.7061, 7.7501e+03,   796,  0.77804 
   71,   3.0850,  13.0730,   7.9848,  -0.3463, 339330.0534,   2.4492,   1.6425,   0.3316, 1035168569.6529, 6.7732e+03,   796,  0.81628 
   72,   3.0890,   9.0615,  20.0081,  -1.5693,  72.1996,   3.7353,   9.9105,   4.3495, 121.2605, 7.5707e+03,   796,  0.83529 
   73,   3.0930,  10.4769,  19.0703,  -2.2556,  53.0903,   6.9464,  10.9565,   7.7042,  82.9217, 7.7185e+03,   796,  1.08073 
   74,   3.0970,   7.9621,  16.8370,  -0.1025,  89.4314,   1.1230,   4.2250,   0.8536, 527.5378, 6.9223e+03,   796,  0.98091 
   75,   3.1010,  10.8457,  13.5980,  -0.2135, 655307.5417,   1.2297,   2.5411,   0.4599, 8018749651.1661, 6.4168e+03,   796,  0.95616 
   76,   3.1050,  33.1808,  26.4545, -23.8719,  34.3961, 428.9134,  49.0587, 429.7449,  76.4639, 7.6119e+03,   796,  0.77668 
   77,   3.1090,  15.3068,  19.4188,  -3.9285,  30.6322,  77.1583,  27.2310,  78.1141, 124.9397, 6.7069e+03,   796,  0.84499 
   78,   3.1130,  10.8072,   6.7077,   4.8752,  23.5594,   3.8440,   4.2224,   4.3745,  10.6038, 7.0315e+03,   796,  1.25800 
   79,   3.1170,  13.9811,  14.1539,  -1.4683,  67.8171,   1.6923,   3.3237,   2.0447,  67.3596, 5.8676e+03,   796,  0.93479 
   80,   3.1210,  13.1077,  16.6253,  -1.8416,  83.1242,   1.6940,   4.0086,   2.0710,  72.8380, 6.0967e+03,   796,  0.99514 
   81,   3.1250,  25.7026,  22.2921, -13.7758,  32.1088, 148.2237,  27.0692, 149.0908,  58.1900, 6.6707e+03,   796,  1.07241 
   82,   3.1290,  33.0691,  19.7387, -20.0931,  25.1024, 581.0987,  45.8276, 582.2217,  81.7075, 7.5252e+03,   796,  0.74492 
   83,   3.1330,  81.5063,  25.6876, -69.5974,  28.5207, 6546.2342, 111.6855, 6547.1231, 136.2566, 7.1791e+03,   796,  0.67754 
   84,   3.1370,  21.7750,  23.9070, -12.2246,  30.8203, 467.1897,  71.4146, 468.0970, 140.5465, 7.5125e+03,   796,  1.09607 
   85,   3.1410,  13.0328,  16.2200,  -1.3353, 123.1131,   1.2477,   3.4264,   1.3411, 139.4788, 6.7487e+03,   796,  1.09369 
   86,   3.1450,  22.3532,  24.2823, -10.3566,  35.8909, 121.6939,  29.8979, 122.4910,  76.2702, 6.7488e+03,   796,  1.20613 
   87,   3.1490,  25.0422,  22.9972, -12.3765,  33.7116, 131.6580,  26.8181, 132.5136,  63.3124, 7.0068e+03,   796,  0.79607 
   88,   3.1530,  19.8137,  27.0104,  -8.6954,  54.5588,  23.6329,  14.5169,  24.2980,  49.6737, 6.9966e+03,   796,  1.09168 
   89,   3.1570,  18.9790,  12.8168,  -2.3953, 210.5849,   1.2661,   1.5378,   0.6612, 116.3256, 6.0341e+03,   796,  0.93239 
   90,   3.1610,  17.0138,  13.1032,  -1.6045, 154.7498,   1.4277,   2.1212,   0.9175, 133.0503, 7.9709e+03,   796,  0.88566 
   91,   3.1650,  18.6676,  14.9452,  -3.0179,  78.9349,   1.5416,   2.4887,   1.8325,  37.8040, 6.0952e+03,   796,  0.83632 
   92,   3.1690,  40.5666,  23.4555, -26.7338,  26.2861, 5514.2595, 188.9192, 5515.2995, 298.7584, 8.2658e+03,   796,  1.04219 
   93,   3.1730,  43.8309,  30.4712, -31.8090,  36.2804,  39.5008,   4.2118,  39.5222,   5.8474, 6.8269e+03,   796,  1.06647 
   94,   3.1770,  14.6606,  17.7590,   0.3620, 899063.2148,   1.0899,   2.7733,   0.6998, 12762283783.5813, 8.5036e+03,   796,  1.42034 
   95,   3.1810,  25.2647,  31.9229, -12.9118,  55.6480,  48.0925,  19.7385,  48.6742,  55.1247, 5.9111e+03,   796,  0.66214 
   96,   3.1850,  16.0334,  23.8040,  -2.3761, 120.5518,   2.5485,   5.5277,   3.0336, 140.1544, 7.5303e+03,   796,  1.12490 
   97,   3.1890,  50.6537,  30.7888, -36.6719,  38.6251,  39.2858,   3.7086,  39.3289,   5.4183, 6.7929e+03,   796,  0.89726 
   98,   3.1930,  25.7402,  25.9702, -10.7981,  51.9791,  24.2952,  10.9935,  24.9923,  38.3902, 7.2691e+03,   796,  0.94096 
   99,   3.1970,  20.6239,  14.5534,  -1.3502, 375.3646,   1.2473,   1.6719,   0.6971, 645.9935, 7.6460e+03,   796,  1.07080 
  100,   3.2010,  54.0107,  26.6563, -34.9207,  36.1569, 277.8780,  23.1885, 278.6971,  41.1418, 7.7421e+03,   796,  0.98933 
  101,   3.2050,  53.1124,  26.9377, -31.7266,  42.3511,  79.0823,  10.6172,  79.7774,  22.2497, 6.3517e+03,   796,  0.67514 
  102,   3.2090,  52.5259,  27.8292, -30.4415,  42.8253,  97.3979,  12.8473,  98.1184,  27.6014, 7.0383e+03,   796,  0.69000 
  104,   3.2170,  40.1373,  19.1423,  -8.8740,  98.5489,   2.1338,   1.7839,   2.6119,  24.5024, 8.7718e+03,   796,  1.28204 
  105,   3.2210,  37.2046,  18.2577,  -7.0754, 113.9379,   1.6766,   1.6690,   2.0227,  32.3702, 8.8328e+03,   796,  1.32727 
  106,   3.2250,  35.8680,  22.0197, -11.2933,  59.9531,   7.4076,   3.5690,   8.0554,  19.6675, 6.6265e+03,   796,  0.62429 
  107,   3.2290,  25.7809,  16.3903,  -3.8098, 112.6130,   1.3116,   1.8080,   1.4783,  45.2230, 6.7013e+03,   796,  0.93616 
  108,   3.2330,  67.3405,  30.2797, -49.0262,  38.9551,  39.2348,   2.8652,  39.2934,   4.2583, 6.7805e+03,   796,  0.97937 
  109,   3.2370,  35.5006,  23.1021, -19.0495,  28.9976, 650.6125,  52.2779, 651.5555, 106.1146, 7.3953e+03,   796,  1.23552 
  110,   3.2410,  81.1242,  26.9330, -64.0903,  30.3692, 4451.8303,  92.2090, 4452.6994, 122.6395, 7.5937e+03,   796,  1.13168 
  112,   3.2490,  55.8808,  39.5046, -43.0255,  48.1847,  36.1720,   3.7548,  36.1916,   5.1818, 5.7379e+03,   796,  1.00715 
  113,   3.2530,  62.3283,  33.1921, -48.5788,  40.7967,  39.4001,   3.1465,  39.4299,   4.2320, 6.7914e+03,   796,  0.76307 
  114,   3.2570,  46.3177,  33.1242, -32.3221,  45.9833, 227.7174,  29.1622, 228.3481,  50.6281, 6.3250e+03,   796,  0.57757 
  115,   3.2610,  50.4138,  33.2608, -38.0426,  39.0309,  37.9663,   3.8513,  37.9806,   5.1339, 6.2915e+03,   796,  1.14336 
  116,   3.2650,  49.2720,  40.2557, -38.9265,  47.3132,  39.1177,   4.7975,  39.1296,   6.2272, 6.6929e+03,   796,  1.05321 
  118,   3.2730,  40.0200,  39.6817, -28.3147,  49.1876, 865.7239,  96.1886, 866.2818, 157.0831, 5.6985e+03,   796,  0.99785 
  119,   3.2770,  53.8048,  37.0961, -41.6081,  45.4446,  38.8232,   3.9544,  38.8476,   5.4155, 6.6119e+03,   796,  0.69797 
  120,   3.2810,  57.8868,  37.3357, -44.8853,  46.6947,  38.5868,   3.7519,  38.6181,   5.2485, 6.5446e+03,   796,  1.36188 
  121,   3.2850,  31.0387,  31.6445, -18.7614,  42.8191, 281.3912,  47.2790, 282.0525,  92.2707, 6.4572e+03,   796,  0.87296 
  122,   3.2890,  49.4213,  39.7615, -38.5846,  49.1531,  37.2937,   4.4481,  37.3178,   6.1483, 6.1273e+03,   796,  0.68063 
  123,   3.2930,  44.5450,  41.4101, -34.3725,  50.7174,  40.1218,   5.4884,  40.1438,   7.6266, 7.1078e+03,   796,  1.01056 
  124,   3.2970,  58.8468,  42.6443, -47.3284,  52.9104,  41.1132,   4.4240,  41.1378,   6.0265, 7.4285e+03,   796,  0.93600 
  125,   3.3010,  47.4913,  32.3333, -33.7338,  38.7226,  44.8458,   4.5966,  44.8707,   6.5899, 8.8045e+03,   796,  1.43240 
  126,   3.3050,  42.9550,  43.8360, -31.5641,  54.9862, 860.9776, 103.1796, 861.5248, 166.5383, 6.0964e+03,   796,  0.80034 
  127,   3.3090,  64.1215,  42.2056, -52.3431,  50.4967,  38.6046,   3.7345,  38.6186,   4.8027, 6.5107e+03,   796,  1.11119 
  128,   3.3130,  55.6821,  41.7297, -43.7637,  51.4475,  40.7180,   4.5058,  40.7414,   6.2119, 7.2871e+03,   796,  1.14498 
  129,   3.3170,  62.3237,  44.1559, -49.0131,  53.3230,  41.4043,   4.3042,  41.4206,   5.8329, 7.5052e+03,   796,  1.28168 
  131,   3.3250,  30.4266,  38.2672, -16.2710,  68.8977,  52.3472,  21.7362,  52.8896,  64.5695, 6.2656e+03,   796,  0.94128 
  132,   3.3290,  50.2346,  38.6714, -34.2185,  52.8348, 308.3594,  39.4977, 308.9480,  71.9169, 6.4975e+03,   796,  0.96687 
  133,   3.3330,  78.7080,  38.8198, -60.7049,  47.2925,  36.1182,   2.6146,  36.1376,   3.5936, 5.6956e+03,   796,  0.87108 
  134,   3.3370,  55.8339,  39.0201, -37.2250,  57.3057, 180.3590,  26.1479, 180.9567,  51.8054, 7.0175e+03,   796,  1.18488 
  135,   3.3410,  73.2841,  36.1668, -51.4117,  46.6011,  41.4553,   3.2566,  41.5052,   5.1775, 7.5723e+03,   796,  1.03202 
  136,   3.3450,  58.7886,  35.6193, -32.5843,  57.1557,  86.2658,  13.8127,  86.8424,  34.5228, 6.2350e+03,   796,  1.10942 
  137,   3.3490, 195.3689,  39.2596, -165.8543,  44.2514, 5188.7023,  63.9494, 5189.3356,  81.2287, 6.8848e+03,   796,  1.36608 
  138,   3.3530,  68.4448,  33.1202, -34.7153,  53.2535,  79.2955,  10.3418,  79.8960,  27.5930, 6.2618e+03,   796,  0.91533 
  139,   3.3570,  48.9445,  23.9351,  -7.0774,  94.4765,   3.5136,   2.0083,   4.0339,  38.0105, 6.6385e+03,   796,  0.93497 
  140,   3.3610, 312.7901,  35.2002, -267.4106,  38.7167, 10229.7516,  56.0962, 10230.4981,  69.1245, 8.2570e+03,   796,  1.30161 
  141,   3.3650, 363.2062,  36.4595, -317.7862,  39.8817, 10932.8082,  50.2635, 10933.4469,  60.4520, 6.3002e+03,   796,  0.92793 
  142,   3.3690,  61.1553,  27.7488, -22.2776,  57.1030,  24.1597,   5.0597,  24.8589,  21.4558, 8.0900e+03,   796,  0.96269 
  144,   3.3770, 107.5456,  43.4935, -97.6216,  48.1256, 8622.0729, 179.4391, 8622.6221, 212.1666, 5.7263e+03,   796,  0.92175 
  145,   3.3810, -18.5201,   3.2470,  -0.7349, 250.9455,  12.2414,   1.2887,   0.3048, 301.2944, 6.2720e+03,   796,  1.06014 
  146,   3.3850, -12.8539,  19.1032,  -0.4641, 234.8513,   1.1122,   3.8423,   1.1766, 1158.2809, 7.4816e+03,   796,  0.88364 
  147,   3.3890, -22.4777,  20.7105,   1.0751, 276.4698,   1.0913,   2.3542,   1.2215, 694.7003, 7.2477e+03,   796,  1.37916 
  149,   3.3970, -43.4486,  19.3389,   5.6985,  80.1644,   2.7637,   1.7645,   3.3137,  32.0653, 7.4565e+03,   796,  0.67094 
  150,   3.4010, -46.1553,  19.1543,   5.4667, 113.9532,   1.4187,   1.1349,   1.7326,  35.0424, 5.4164e+03,   796,  0.77054 
  151,   3.4050, -178.9445,  28.4760, 143.1454,  32.6657, 104.4745,   1.4852, 104.5031,   1.9110, 5.4410e+03,   796,  0.79140 
  152,   3.4090, -35.5719,  18.3819,   2.9634, 196.3210,   1.0683,   1.2670,   1.1315, 124.5200, 6.4248e+03,   796,  1.09079 
  153,   3.4130, -35.6961,  19.3224,   4.7642, 107.2758,   1.7087,   1.6992,   2.0926,  42.9536, 6.6671e+03,   796,  0.67044 
  154,   3.4170, -36.5687,  16.2113,   3.9942, 166.2556,   1.1696,   1.1525,   1.0958,  67.9314, 7.1574e+03,   796,  0.76739 
  155,   3.4210, -41.9880,  23.0148,  12.7210,  61.2609,   8.7807,   3.5801,   9.4687,  20.6411, 7.7022e+03,   796,  0.86841 
  156,   3.4250, -38.6619,  19.8185,   7.2812,  87.2975,   2.6250,   2.0150,   3.1625,  27.9133, 7.9355e+03,   796,  0.85652 
  157,   3.4290, -47.5731,  23.2391,  16.3317,  49.9933,  17.4464,   4.4980,  18.1881,  19.3231, 7.5054e+03,   796,  0.78161 
  158,   3.4330, -57.7254,  26.1038,  26.1564,  46.1333,  25.5009,   4.0974,  25.9365,  12.0028, 6.2612e+03,   796,  0.92570 
  159,   3.4370, -35.8022,  18.0915,   2.3732, 446.3259,   0.9824,   1.1197,   0.8157, 568.2483, 6.7035e+03,   796,  0.99413 
  160,   3.4410, -39.7631,  22.8088,   9.1331,  75.8451,   4.9207,   2.8291,   5.5288,  26.5865, 7.4032e+03,   796,  1.06960 
  161,   3.4450, -38.0863,  19.4023,   5.0342, 163.1186,   1.3013,   1.4580,   1.5226,  67.0926, 7.6149e+03,   796,  0.83337 
  162,   3.4490, -42.2614,  22.4548,   9.1384,  75.3364,   4.3551,   2.3675,   4.9128,  23.5634, 6.2075e+03,   796,  0.61557 
  163,   3.4530, -56.4817,  26.9371,  25.2385,  41.9634,  79.5807,   9.8095,  80.2419,  27.3232, 5.7089e+03,   796,  1.11299 
  164,   3.4570, -49.5183,  25.6935,  18.7178,  47.1034,  19.8888,   3.9725,  20.2991,  14.2132, 4.8245e+03,   796,  0.62878 
  165,   3.4610, -31.4373,  19.4848,   1.4759, 2295.7927,   0.8176,   1.1643,   0.6580, 18781.8923, 5.3782e+03,   796,  0.97450 
  166,   3.4650, -36.0322,  20.2951,   3.3629, 232.7001,   1.0559,   1.3716,   1.1959, 155.8534, 6.2912e+03,   796,  0.93677 
  168,   3.4730, -39.4615,  21.1144,   4.9263, 137.9858,   1.7276,   1.7603,   2.1161,  65.8858, 8.1345e+03,   796,  1.38150 
  170,   3.4810, -38.5555,  22.2988,   5.8043, 169.6454,   1.5788,   1.7982,   1.9344,  74.9762, 7.8096e+03,   796,  1.34574 
  171,   3.4850, -39.6104,  26.9381,   8.9713, 100.7241,   4.9063,   3.3877,   5.4743,  42.7688, 7.9379e+03,   796,  1.05439 
  172,   3.4890, -41.7223,  24.8806,   8.0605,  88.5209,   5.0206,   3.0579,   5.6313,  39.6293, 8.4504e+03,   796,  0.98574 
  174,   3.4970, -46.6357,  25.4481,  11.9245,  73.1128,   7.3218,   3.1333,   7.9122,  24.6496, 6.7166e+03,   796,  0.88530 
  175,   3.5010, -42.7165,  22.2503,   6.2263, 112.8947,   2.2022,   1.7756,   2.6518,  42.6171, 6.6767e+03,   796,  1.20481 
  176,   3.5050, -41.1662,  22.9645,   6.7441, 113.3752,   2.3264,   1.9155,   2.7785,  40.8200, 6.4215e+03,   796,  0.95698 
  177,   3.5090, -39.1186,  22.6032,   5.3970, 131.6282,   1.8247,   1.7776,   2.2190,  55.4264, 6.1615e+03,   796,  0.91194 
  178,   3.5130, -35.7065,  20.3515,   3.0844, 479.9133,   0.9781,   1.3344,   0.9763, 581.6013, 7.0963e+03,   796,  0.74303 
  179,   3.5170, -39.4095,  20.0197,   3.3397, 476.4179,   0.9302,   1.1247,   0.9069, 494.5217, 6.4109e+03,   796,  0.96533 
  180,   3.5210, -38.7460,  23.4125,   6.2409, 169.0149,   1.6031,   1.7915,   1.9635,  68.6112, 6.5837e+03,   796,  0.68571 
  181,   3.5250, -36.9712,  23.5724,   5.1589, 170.5025,   1.6266,   1.9089,   1.9916,  85.3872, 6.6810e+03,   796,  0.92461 
  182,   3.5290, -37.3565,  20.9280,   3.0488, 349.6530,   1.1317,   1.5100,   1.2318, 391.9652, 8.5758e+03,   796,  1.31553 
  183,   3.5330, -41.2835,  24.8208,   9.0523,  98.1246,   4.3764,   2.9970,   4.9936,  38.7908, 9.4799e+03,   796,  0.92847 
  185,   3.5410, -38.3382,  22.7218,   5.9209, 121.1097,   1.9894,   1.8617,   2.3998,  46.1254, 5.8785e+03,   796,  0.82665 
  186,   3.5450, -35.9964,  21.3439,   4.3363, 285.5913,   0.9946,   1.3747,   1.1388, 169.2493, 5.8610e+03,   796,  0.74495 
  187,   3.5490, -35.8297,  19.6783,   2.5507, 760.3844,   0.8462,   1.0910,   0.7520, 1367.6457, 5.5734e+03,   796,  0.64838 
  188,   3.5530, -37.7634,  23.6603,   6.7876, 121.8395,   2.3322,   2.1733,   2.7846,  46.1721, 6.6889e+03,   796,  0.87984 
  189,   3.5570, -35.7377,  20.5888,   3.2538, 304.5279,   1.0401,   1.4157,   1.1376, 259.4640, 6.9525e+03,   796,  1.32618 
  190,   3.5610, -36.0596,  22.1139,   4.3335, 134.0847,   1.7814,   1.9237,   2.1761,  71.0575, 6.7468e+03,   796,  0.78234 
  191,   3.5650, -37.2749,  22.9476,   5.3580, 136.2794,   1.8489,   1.9190,   2.2475,  60.1182, 6.3599e+03,   796,  1.22599 
  192,   3.5690, -67.3444,  31.8123,  35.1863,  52.6109,  72.8297,   9.9795,  73.5120,  26.0748, 7.8494e+03,   796,  1.32122 
  193,   3.5730, -39.4508,  23.4846,   6.4622, 103.5162,   3.0285,   2.3733,   3.5485,  44.6671, 7.4168e+03,   796,  1.31384 
  194,   3.5770, -38.7449,  24.1598,   7.2595, 117.0325,   2.3768,   2.0649,   2.8061,  39.6172, 5.5941e+03,   796,  0.83113 
  195,   3.5810, -44.3730,  29.2104,  14.5791,  78.0247,  10.6401,   4.6540,  11.2316,  29.1097, 7.2366e+03,   796,  1.20813 
  196,   3.5850, -40.5766,  25.7439,   9.8046,  94.6681,   4.3663,   2.8588,   4.8960,  31.7754, 6.6626e+03,   796,  1.17138 
  197,   3.5890, -35.5144,  22.1500,   4.4108, 157.3119,   1.7739,   2.1217,   2.1744,  95.7628, 8.9677e+03,   796,  0.88951 
  198,   3.5930, -35.6339,  18.8011,   1.6341, 871.6144,   0.9107,   1.0909,   0.7338, 2771.5827, 6.2578e+03,   796,  0.97407 
  199,   3.5970, -40.2050,  24.8714,   8.3046,  76.5341,   6.6673,   3.5703,   7.3038,  36.7493, 8.0938e+03,   796,  1.09825 
  201,   3.6050, -41.7372,  25.6824,   9.4646,  92.4603,   4.6425,   2.8895,   5.1907,  33.2805, 7.0031e+03,   796,  0.89867 
  202,   3.6090, -57.3917,  28.3135,  24.2118,  53.8390,  33.9768,   6.6691,  34.6890,  23.0755, 8.1495e+03,   796,  1.06000 
  203,   3.6130, -38.9285,  19.7910,   3.1789, 201.3943,   1.1904,   1.3773,   1.3560, 142.0159, 7.4813e+03,   796,  0.67682 
  205,   3.6210, -40.1272,  21.5857,   4.3509, 201.8419,   1.2498,   1.4552,   1.5047, 111.4855, 6.8178e+03,   796,  1.11515 
  206,   3.6250, -41.8338,  23.2279,   6.8845,  92.7791,   3.7250,   2.5017,   4.3076,  41.0328, 8.3358e+03,   796,  1.21140 
  207,   3.6290, -46.8782,  23.1529,  10.5024,  63.4809,   8.4498,   3.2290,   9.1532,  25.9611, 8.3284e+03,   796,  1.14062 
  208,   3.6330, -79.4170,  30.3907,  45.2692,  43.9960,  38.1069,   3.1838,  38.2734,   6.6732, 7.7816e+03,   796,  1.16054 
  209,   3.6370, -53.6055,  26.3703,  18.7824,  58.7821,  17.7513,   4.6855,  18.4677,  21.5716, 8.4668e+03,   796,  0.85098 
  210,   3.6410, -97.4723,  32.1950,  64.1090,  43.2327,  39.5078,   2.3458,  39.5927,   4.0438, 7.9329e+03,   796,  1.35552 
  211,   3.6450, -336.3734,  36.0443, 301.9601,  38.8644, 19944.0691,  81.9341, 19944.7766,  95.1753, 7.5484e+03,   796,  1.11371 
  212,   3.6490, -46.4069,  23.4730,  10.4150,  71.7970,   6.2902,   2.8278,   6.9348,  25.4850, 7.8498e+03,   796,  0.76413 
  213,   3.6530, -37.7168,  21.4274,   3.7156, 197.7977,   1.2352,   1.5193,   1.4855, 124.2137, 6.6513e+03,   796,  0.86078 
  214,   3.6570, -37.4905,  20.3229,   3.0746, 226.1357,   1.2034,   1.4978,   1.3719, 184.7113, 7.9941e+03,   796,  1.18026 
  215,   3.6610, -43.2692,  25.1199,  11.2061,  64.5055,   9.5569,   3.7630,  10.1661,  25.9186, 6.4572e+03,   796,  0.84699 
  216,   3.6650, -61.6831,  28.5006,  28.0682,  48.5297,  50.9018,   7.4559,  51.5479,  22.0204, 6.2736e+03,   796,  0.81082 
  217,   3.6690, -50.9680,  25.6822,  16.8458,  49.7081,  28.8318,   6.1398,  29.5705,  26.4053, 7.8443e+03,   796,  1.47403 
  218,   3.6730, -39.7317,  22.1700,   5.6863, 100.2622,   2.6482,   2.0836,   3.1463,  43.7416, 7.0196e+03,   796,  1.12714 
  219,   3.6770, -71.9220,  29.1450,  39.4738,  44.1843,  34.0124,   3.3951,  34.2291,   7.5842, 6.6180e+03,   796,  1.10116 
  220,   3.6810, -305.4786,  30.4882, 270.7602,  32.6135, 22292.7907,  76.4200, 22293.4874,  88.9132, 5.7438e+03,   796,  0.99951 
  221,   3.6850, -92.2092,  30.3773,  59.7134,  40.2259,  37.7137,   2.1821,  37.7899,   3.7308, 7.2051e+03,   796,  1.26427 
  222,   3.6890, -36.8548,  20.6156,   3.8875, 171.1469,   1.4042,   1.6794,   1.6870, 103.0136, 8.0904e+03,   796,  1.00520 
  223,   3.6930, -34.9155,  18.2175,   2.3662, 416.2041,   1.1486,   1.3618,   0.9801, 595.1191, 9.1565e+03,   796,  1.22757 
  225,   3.7010, -44.5834,  20.2974,   8.5948,  71.9346,   3.9932,   2.1184,   4.6232,  23.1203, 7.8448e+03,   796,  1.21118 
  226,   3.7050, -158.8108,  25.9141, 124.9934,  29.4196, 3865.6305,  41.7185, 3866.5502,  55.7536, 7.9784e+03,   796,  0.72421 
  227,   3.7090, -35.0996,  19.9061,   4.2215,  96.1275,   2.1625,   1.9875,   2.6293,  48.2903, 7.0741e+03,   796,  0.92152 
  228,   3.7130, -66.4628,  26.0207,  35.4920,  38.0817,  34.1226,   3.0707,  34.3174,   6.6919, 6.3911e+03,   796,  0.94439 
  229,   3.7170, -302.1956,  25.9142, 269.6745,  27.4519, 37755.9130,  95.0546, 37756.7815, 108.9117, 6.6637e+03,   796,  0.97540 
  230,   3.7210, -161.6904,  30.3305, 132.5977,  34.7569, 3134.3104,  41.6673, 3135.0941,  54.1831, 7.6017e+03,   796,  1.01213 
  231,   3.7250, -79.6931,  25.1547,  48.9542,  33.1330,  38.4695,   2.1807,  38.5601,   3.7958, 7.4971e+03,   796,  1.45499 
  232,   3.7290, -294.3802,  27.2253, 261.0635,  29.1613, 22748.2555,  73.8246, 22749.0985,  85.6011, 6.9578e+03,   796,  1.08605 
  233,   3.7330, -63.2722,  23.3811,  25.9456,  37.7782,  66.2407,   7.0968,  67.0407,  21.2920, 6.8875e+03,   796,  1.32893 
  234,   3.7370, -54.2338,  21.5084,  10.8269,  52.6487,  11.1056,   2.9667,  11.8709,  23.3141, 8.0743e+03,   796,  1.21582 
  235,   3.7410, -47.1864,  20.7298,   6.1826,  71.5411,   3.8563,   1.8863,   4.4271,  29.9721, 6.3158e+03,   796,  0.91584 
  236,   3.7450, -38.5993,  18.3558,   0.6716, 720230.9436,   0.8935,   0.9193,   0.6131, 3834326863.7336, 6.0172e+03,   796,  0.78268 
  237,   3.7490, -136.1916,  24.2545, 101.1501,  27.1806, 5051.3075,  53.2516, 5052.2336,  74.8104, 7.0243e+03,   796,  0.80978 
  239,   3.7570, -20.7875,  20.1528,   1.3801,  75.7378,   3.4589,   4.2044,   4.0538, 140.7486, 7.5679e+03,   796,  1.27345 
  240,   3.7610, -12.1901,  16.2138,  -0.9274, 1520730.2350,   1.1257,   2.8925,   0.6006, 12505035834.7784, 7.7202e+03,   796,  1.26280 
  241,   3.7650, 109.5586,   1.1516,  -0.8191, 258.4083, 455.8038,   1.2332,   0.3000, 294.0904, 8.2168e+03,   796,  1.09848 
  242,   3.7690,  66.2291,  41.7763, -52.6480,  53.1931,  41.4408,   4.0273,  41.4757,   5.7118, 7.5608e+03,   796,  1.11527 
  243,   3.7730,  52.7124,  28.9908, -22.2352,  60.3324,  20.7512,   5.2910,  21.3366,  19.9990, 6.0041e+03,   796,  0.77462 
  244,   3.7770, 116.0049,  37.0417, -77.9028,  51.7993,  36.5850,   2.2537,  36.6765,   4.0922, 6.0188e+03,   796,  0.94376 
  245,   3.7810, 244.7028,  39.0016, -201.3809,  45.6470, 2096.8227,  27.1604, 2097.3934,  36.4929, 5.6694e+03,   796,  0.56852 
  246,   3.7850,  65.2218,  30.8146, -24.1087,  72.8552,  15.0010,   3.9023,  15.5662,  19.7349, 6.4373e+03,   796,  0.90548 
  247,   3.7890,  61.1918,  30.0287, -24.5954,  62.6589,  23.4170,   5.2866,  24.0488,  21.4079, 7.2763e+03,   796,  1.46731 
  248,   3.7930,  60.7004,  35.3553, -30.9332,  61.9606,  56.5304,  10.5387,  57.1262,  30.9184, 6.9253e+03,   796,  1.04755 
  249,   3.7970,  97.4010,  43.7858, -74.1720,  56.3426,  41.1014,   2.8958,  41.1371,   4.3805, 7.4106e+03,   796,  1.42971 
  250,   3.8010, 168.5144,  47.6818, -148.4940,  53.7268, 6731.1119, 115.4307, 6731.7037, 143.7156, 7.3402e+03,   796,  0.68247 
  251,   3.8050,  64.5005,  48.4897, -48.9861,  63.1326,  41.1303,   4.9650,  41.1649,   7.7622, 7.5173e+03,   796,  1.13237 
  252,   3.8090,  75.2204,  48.8548, -60.6102,  59.8586,  44.9090,   4.3239,  44.9271,   5.8990, 8.8285e+03,   796,  1.32014 
  253,   3.8130,  71.8100,  52.2949, -59.4953,  63.5793,  40.0375,   4.3644,  40.0504,   5.7822, 7.0202e+03,   796,  1.10206 
  254,   3.8170,  62.8287,  46.5270, -50.6299,  55.5663,  40.7081,   4.4683,  40.7206,   5.8727, 7.2485e+03,   796,  0.76337 
  255,   3.8210,  57.3983,  50.3272, -46.7871,  60.4770,  36.7775,   4.8151,  36.7886,   6.3543, 5.9362e+03,   796,  0.68518 
  256,   3.8250,  52.9840,  53.1390, -43.0345,  66.8875,  37.6960,   5.7967,  37.7151,   8.2021, 6.3194e+03,   796,  0.60850 
  257,   3.8290,  49.4635,  61.5904, -40.8291,  76.2960,  40.0582,   7.8016,  40.0723,  10.7978, 7.1750e+03,   796,  1.33345 
  258,   3.8330,  40.2839,  58.1301, -31.7044,  71.4056, 1908.3304, 285.6879, 1908.8719, 442.5975, 7.4887e+03,   796,  1.11540 
  259,   3.8370,  60.9074,  50.5946, -50.5038,  62.0051,  37.4423,   4.6350,  37.4567,   6.1692, 6.1617e+03,   796,  1.06284 
  260,   3.8410,  50.2525,  53.6555, -43.0250,  67.2309,  40.9886,   6.6850,  41.0077,   8.9339, 7.4713e+03,   796,  0.85546 
  261,   3.8450,  16.4530,  49.2052, -10.0379, 105.8768,  44.5533,  53.7636,  45.0839, 195.8190, 7.7573e+03,   796,  0.92645 
  262,   3.8490,  21.4755,  55.1844, -14.2830,  97.1377, 104.8122,  77.6569, 105.2917, 212.1138, 6.3886e+03,   796,  1.00546 
  263,   3.8530,  52.4529,  59.9448, -45.3700,  74.0107,  37.2712,   6.5968,  37.2835,   8.6677, 6.1694e+03,   796,  0.62560 
  264,   3.8570,  45.3807,  54.8396, -37.6444,  67.7379, 1581.9476, 204.7202, 1582.4913, 299.8087, 7.2446e+03,   796,  1.16641 
  265,   3.8610,  33.4612,  49.6309, -25.3977,  69.6875, 348.7901,  90.7582, 349.3252, 161.9072, 6.8214e+03,   796,  0.73686 
  266,   3.8650,  42.2688,  49.9586, -33.9883,  64.0992, 858.3039, 129.6563, 858.8642, 199.9610, 7.2517e+03,   796,  0.84071 
  268,   3.8730,  47.8918,  50.7682, -39.9153,  62.8957,  38.9514,   6.2000,  38.9691,   8.3163, 6.7318e+03,   796,  0.80379 
  269,   3.8770,  37.1586,  53.8795, -29.3880,  72.3275, 583.4089, 127.0092, 583.9276, 211.7587, 6.7127e+03,   796,  1.02187 
  270,   3.8810,  58.4095,  63.7886, -51.2482,  76.6145, 3158.6872, 316.4244, 3159.2213, 435.1862, 7.7129e+03,   796,  0.84636 
  271,   3.8850,  14.5208,  33.9343,  -5.4997, 142.6337,   5.1607,  11.3736,   5.6235, 126.2245, 6.1847e+03,   796,  0.87904 
  272,   3.8890,  11.9022,  30.9005,  -3.4387, 200.8806,   3.2439,  11.3443,   3.7532, 290.9469, 9.1954e+03,   796,  1.36377 
  273,   3.8930,  17.1426,  36.5263,  -8.5088, 110.0156,  11.0982,  15.9313,  11.6260,  90.5720, 7.2066e+03,   796,  1.06685 
  274,   3.8970,  59.3287,  54.1316, -52.3104,  66.7239,  41.0605,   5.6573,  41.0754,   7.2002, 7.4254e+03,   796,  1.07121 
  275,   3.9010,  54.2309,  57.7161, -47.9758,  72.4091,  37.7637,   6.2193,  37.7792,   8.1429, 6.3356e+03,   796,  1.35582 
  276,   3.9050,  17.8765,  16.8146,  -1.4812, 2160635.5342,   1.3497,   2.5365,   0.7756, 20235626951.5297, 1.1872e+04,   796,  0.97756 
  277,   3.9090,  49.3950,  38.2450, -38.9836,  46.7353,  43.1754,   4.9218,  43.2006,   6.6108, 8.1889e+03,   796,  1.46200 
  278,   3.9130,  35.7780,  37.9369, -26.4700,  49.5881, 546.9964,  82.2770, 547.7008, 132.6850, 8.9058e+03,   796,  1.08844 
  279,   3.9170,  14.0500,  29.6068,  -4.4346, 153.1199,   3.0141,   7.7720,   3.4424, 121.6807, 5.7541e+03,   796,  0.59715 
  280,   3.9210,  43.2417,  60.3050, -36.7776,  76.0968, 1382.4480, 225.5471, 1382.9596, 334.7714, 6.9248e+03,   796,  0.95055 
  281,   3.9250,  50.9265,  60.5927, -44.4653,  74.8624,  43.1904,   7.9844,  43.2045,  10.4141, 8.2987e+03,   796,  0.77899 
  282,   3.9290,  51.5300,  55.8844, -44.0164,  70.6267,  37.8623,   6.3694,  37.8805,   8.6803, 6.3944e+03,   796,  1.05115 
  283,   3.9330,  68.4405,  53.3701, -60.0760,  64.7700,  39.2048,   4.5960,  39.2166,   5.7502, 6.7330e+03,   796,  0.88775 
  284,   3.9370,  11.8876,  24.9155,  -2.5142, 255.6034,   1.3601,   5.7479,   1.6710, 321.6980, 6.4415e+03,   796,  0.90470 
  285,   3.9410,  14.6517,  28.3740,  -4.1682, 192.4377,   2.2296,   6.4645,   2.6395, 162.2517, 6.3523e+03,   796,  0.59942 
  286,   3.9450,  48.4031,  48.6463, -38.3631,  68.2458, 387.9808,  68.4255, 388.5953, 116.1823, 8.8499e+03,   796,  1.00993 
  287,   3.9490,  28.1865,  35.4583, -15.3264,  84.2527,  19.1514,  12.5662,  19.7247,  47.5419, 7.4824e+03,   796,  0.66340 
  288,   3.9530,  30.7026,  32.1341, -16.2317,  69.3850,  22.9445,  11.3815,  23.5648,  37.5909, 7.6556e+03,   796,  1.26970 
  291,   3.9650,  33.2634,  22.3159,  -9.4114,  82.4916,   3.6447,   2.8074,   4.1884,  23.6069, 6.5422e+03,   796,  0.76198 
  292,   3.9690,  35.4136,  23.4366, -12.3194,  72.5373,   4.7105,   2.8148,   5.2051,  16.5462, 4.6668e+03,   796,  0.53838 
  293,   3.9730,  32.2113,  19.6420,  -7.5967,  89.4917,   2.3895,   2.2661,   2.8936,  25.8501, 7.4349e+03,   796,  1.00714 
  295,   3.9810,  22.6257,  21.2223,  -5.1805, 116.9736,   1.9280,   3.0906,   2.3516,  50.0589, 7.0019e+03,   796,  1.12943 
  296,   3.9850,  20.4883,  18.9903,  -3.5481, 181.4256,   1.2412,   2.6084,   1.3934, 108.3089, 7.9534e+03,   796,  0.66413 
  297,   3.9890,  26.8918,  27.4675, -12.3327,  68.1156,  12.1062,   7.6614,  12.7264,  30.4816, 7.1545e+03,   796,  1.11122 
  298,   3.9930,  25.4253,  24.3486, -10.7319,  75.5152,   5.4747,   4.6403,   6.0216,  23.1883, 5.9088e+03,   796,  0.53240 
  299,   3.9970,  20.0453,  28.2734,  -8.5675,  98.1840,   5.6482,   7.2652,   6.1907,  46.2953, 7.0462e+03,   796,  1.12789 
  301,   4.0050,  14.8733,  19.1808,  -3.0379, 134.9928,   1.3576,   3.6548,   1.6302,  82.5825, 6.6693e+03,   796,  1.12546 
  302,   4.0090,  17.0855,  26.1798,  -6.1524, 113.4960,   3.6835,   6.7071,   4.2187,  62.7702, 7.8456e+03,   796,  1.01397 
  303,   4.0130,  15.5160,  26.5310,  -5.4335, 140.3928,   2.8274,   6.6322,   3.3126,  85.5065, 7.6077e+03,   796,  0.89312 
  304,   4.0170,  16.2998,  28.1691,  -6.4795, 111.5831,   4.2583,   7.6259,   4.7536,  61.6939, 6.4128e+03,   796,  1.09581 
  305,   4.0210,  58.7562,  44.6964, -50.2640,  55.1420,  40.9083,   4.6002,  40.9291,   5.8917, 7.3481e+03,   796,  1.31732 
  306,   4.0250,  52.7757,  45.9471, -43.2180,  60.8413, 523.0382,  66.3917, 523.5927, 101.7889, 6.7013e+03,   796,  1.15095 
  307,   4.0290,  11.0345,  18.8312,  -2.1696, 2615888.6242,   0.9842,   3.7155,   0.7103, 18015786775.3441, 7.5737e+03,   796,  0.89098 
  308,   4.0330,  12.1272,  24.7745,  -4.0593, 207.3175,   1.5061,   5.7922,   1.8461, 145.1569, 6.2456e+03,   796,  0.79151 
  309,   4.0370,  12.6462,  21.9712,  -4.0633, 134.3452,   1.7950,   5.5485,   2.1946,  76.9820, 7.0759e+03,   796,  1.38877 
  310,   4.0410,  43.2338,  47.5695, -36.2969,  59.0322,  37.8786,   6.2273,  37.8981,   8.2361, 6.3786e+03,   796,  0.78994 
  311,   4.0450,  15.7414,  33.1937,  -7.9672,  80.3375,  14.9231,  17.3121,  15.4503,  68.8089, 6.0514e+03,   796,  0.84976 
  312,   4.0490,  50.0830,  46.5654, -43.0752,  57.9951,  39.4110,   5.4798,  39.4325,   7.0984, 6.8641e+03,   796,  0.92669 
  313,   4.0530,  45.0597,  39.7987, -38.4129,  49.4645,  40.1466,   5.2854,  40.1740,   6.7373, 7.1146e+03,   796,  0.56745 
  314,   4.0570,  46.6014,  34.8790, -37.0605,  44.4729, 654.1166,  63.1814, 654.8430,  91.7071, 8.4800e+03,   796,  0.66143 
  315,   4.0610,  42.1203,  45.4055, -35.3820,  57.6068, 912.0941, 121.0373, 912.7191, 173.6699, 8.2618e+03,   796,  0.71623 
  316,   4.0650,  50.0701,  45.4978, -42.8744,  57.2633,  41.2938,   5.6793,  41.3203,   7.4638, 7.5484e+03,   796,  1.14167 
  317,   4.0690,  10.9858,  17.9647,  -2.0830, 353.1921,   0.9716,   3.6021,   0.8396, 420.5365, 6.3421e+03,   796,  1.24743 
  318,   4.0730,  30.9294,  36.8993, -25.4383,  46.6479, 697.8356, 102.9176, 698.4805, 144.9450, 7.1046e+03,   796,  0.94193 
  319,   4.0770,  26.8400,  46.8770, -21.6758,  70.1523, 192.9420,  71.2308, 193.4638, 125.4134, 6.3562e+03,   796,  1.24646 
  320,   4.0810,  85.1156,  41.6545, -78.1072,  46.9772, 5237.0854, 157.5198, 5237.6765, 186.1344, 6.4026e+03,   796,  1.03701 
  321,   4.0850,  51.4509,  38.1113, -43.6142,  47.1467,  37.3908,   4.1148,  37.4163,   5.2182, 6.1426e+03,   796,  1.10943 
  322,   4.0890,  23.5673,  34.4318, -17.3469,  54.6880, 104.0000,  39.4657, 104.6923,  72.7809, 8.6254e+03,   796,  1.25082 
  323,   4.0930,  47.5089,  40.5569, -40.2554,  51.6987, 736.2423,  79.8554, 736.8891, 111.6871, 7.9506e+03,   796,  1.42520 
  324,   4.0970,   9.4890,  23.0123,  -3.3003, 124.8409,   2.1462,   8.2356,   2.5885,  94.1737, 6.9224e+03,   796,  1.04479 
  325,   4.1010,   9.1294,  13.0520,  -1.2263, 2116796.8744,   1.4493,   3.2967,   0.4997, 15955202427.5845, 8.1414e+03,   796,  1.32015 
  326,   4.1050,  30.5734,  41.3689, -24.6277,  58.4589, 283.2704,  70.4252, 283.9093, 113.4756, 8.3295e+03,   796,  0.93596 
  327,   4.1090,  26.8369,  55.1165, -23.0369,  75.7287, 543.9052, 180.5952, 544.4723, 285.9013, 8.2251e+03,   796,  1.24010 
  328,   4.1130,  30.4065,  55.4936, -25.8339,  76.0917, 536.6356, 157.1740, 537.1779, 251.2535, 7.5535e+03,   796,  0.95976 
  329,   4.1170,  21.0573,  43.9768, -16.1758,  69.7926, 141.4568,  72.8460, 142.0721, 140.1701, 8.5947e+03,   796,  0.88247 
  330,   4.1210,   8.9044,  26.7987,  -4.3600, 108.4825,   4.1990,  13.8764,   4.7427,  89.3020, 7.7109e+03,   796,  1.33128 
  332,   4.1290,  30.6168,  49.8318, -26.9140,  61.9023, 1296.2404, 234.0630, 1296.8180, 320.0994, 7.5862e+03,   796,  1.04314 
  333,   4.1330,  32.5625,  48.8330, -29.3319,  60.9337, 1130.6034, 192.4263, 1131.1574, 256.9857, 6.8747e+03,   796,  0.80538 
  335,   4.1410,  40.3497,  45.9808, -36.1509,  57.4584, 1101.8247, 144.2601, 1102.4386, 191.9429, 8.0095e+03,   796,  1.32232 
  336,   4.1450,  10.1029,  10.6616,  -1.9476, 599.8361,   1.8366,   2.7224,   0.4948, 854.5383, 8.1600e+03,   796,  0.93366 
  337,   4.1490,  35.1064,  50.8837, -30.8890,  64.8034, 973.9997, 174.6247, 974.5643, 245.2272, 7.4518e+03,   796,  1.44703 
  338,   4.1530,  30.4643,  54.1191, -27.6512,  69.3577, 1008.8632, 226.1121, 1009.4197, 313.3830, 7.6155e+03,   796,  1.26673 
  339,   4.1570,  28.1478,  35.2331, -23.0500,  41.5385, 1840.0277, 197.3734, 1840.6892, 264.7656, 6.7856e+03,   796,  1.41763 
  340,   4.1610,  25.1033,  33.7088, -19.2562,  46.4019, 282.4179,  65.8724, 283.1277, 103.8226, 8.1414e+03,   796,  0.98734 
  341,   4.1650,  36.2872,  38.3164, -32.5930,  45.3632,  39.4985,   6.1964,  39.5126,   7.0878, 6.8514e+03,   796,  0.69439 
  342,   4.1690,  18.1817,  47.6348, -15.3420,  67.0340, 351.1299, 163.4526, 351.7231, 260.0391, 8.1183e+03,   796,  1.34958 
  343,   4.1730,  33.7691,  46.4176, -30.8445,  54.8831, 2438.2960, 287.2580, 2438.8919, 358.0551, 7.4209e+03,   796,  0.99823 
  344,   4.1770,  34.2374,  40.6131, -31.9159,  48.6269,  40.4236,   7.0382,  40.4393,   7.8933, 7.2076e+03,   796,  0.97245 
  345,   4.1810,  45.6697,  44.1888, -42.0637,  52.2374,  40.1571,   5.7920,  40.1682,   6.5550, 7.0653e+03,   796,  1.07400 
  346,   4.1850,  35.3001,  44.6025, -32.2577,  54.2114, 1452.5191, 184.4207, 1453.1062, 233.8016, 7.0301e+03,   796,  1.15952 
  347,   4.1890,  37.3352,  39.2881, -34.8862,  47.4959, 1462.8953, 151.7734, 1463.5687, 183.9566, 8.1016e+03,   796,  1.33974 
  348,   4.1930,  23.3318,  48.3133, -22.3966,  60.3625, 1081.7265, 255.9678, 1082.2760, 320.5696, 6.7048e+03,   796,  0.96900 
  349,   4.1970,  21.0431,  44.4899, -19.4788,  60.2306, 414.5468, 138.7926, 415.1204, 190.7006, 7.0390e+03,   796,  0.96811 
