  0,   2.801,    2.909,   31.877,    0.000,    0.000,    0.577,    8.204,    0.000,    0.000,    0.000,    0.002,    0.000,    0.000, 
  1,   2.805,    5.027,   15.988,    0.000,    0.000,    0.891,    3.447,    0.000,    0.000,    0.000,    0.000,    0.000,    0.000, 
  3,   2.813,    6.729,   14.166,    0.000,    0.000,    1.087,    2.717,    0.000,    0.000,    0.000,    0.000,    0.000,    0.000, 
  4,   2.817,    5.286,   21.172,    0.000,    0.000,    0.706,    3.388,    0.000,    0.000,    0.000,    0.000,    0.000,    0.000, 
  5,   2.821,    4.590,   21.834,    0.000,    0.000,    0.732,    4.065,    0.000,    0.000,    0.000,    0.000,    0.000,    0.000, 
  6,   2.825,    3.695,   36.627,    0.000,    0.000,    0.518,    6.773,    0.000,    0.000,    0.000,    0.000,    0.000,    0.000, 
  7,   2.829,    3.596,   32.141,    0.000,    0.000,    0.561,    6.536,    0.000,    0.000,    0.000,    0.000,    0.000,    0.000, 
  8,   2.833,    4.521,   23.336,    0.000,    0.000,    0.724,    4.738,    0.000,    0.000,    0.000,    0.000,    0.000,    0.000, 
  9,   2.837,    3.548,   32.099,    0.000,    0.000,    0.541,    6.408,    0.000,    0.000,    0.000,    0.000,    0.000,    0.000, 
 10,   2.841,    3.294,   33.104,    0.000,    0.000,    0.517,    6.820,    0.000,    0.000,    0.000,    0.000,    0.000,    0.000, 
 11,   2.845,    4.840,   18.267,    0.000,    0.000,    0.795,    3.996,    0.000,    0.000,    0.000,    0.000,    0.000,    0.000, 
 12,   2.849,    4.295,   21.113,    0.000,    0.000,    0.808,    4.771,    0.000,    0.000,    0.000,    0.001,    0.000,    0.000, 
 13,   2.853,    4.239,   16.632,    0.000,    0.000,    0.820,    3.937,    0.000,    0.000,    0.000,    0.001,    0.000,    0.000, 
 14,   2.857,    5.635,   16.889,    0.000,    0.000,    0.888,    3.253,    0.000,    0.000,    0.000,    0.000,    0.000,    0.000, 
 15,   2.861,    4.331,   31.860,    0.000,    0.000,    0.624,    5.990,    0.000,    0.000,    0.000,    0.000,    0.000,    0.000, 
 16,   2.865,    3.830,   15.075,    0.000,    0.000,    1.015,    4.775,    0.000,    0.000,    0.002,    0.005,    0.000,    0.000, 
 17,   2.869,    4.613,   17.107,    0.000,    0.000,    0.890,    4.041,    0.000,    0.000,    0.000,    0.001,    0.000,    0.000, 
 18,   2.873,    6.009,   15.778,    0.000,    0.000,    0.948,    3.017,    0.000,    0.000,    0.000,    0.000,    0.000,    0.000, 
 19,   2.877,    5.397,   14.812,    0.000,    0.000,    0.965,    3.178,    0.000,    0.000,    0.000,    0.000,    0.000,    0.000, 
 20,   2.881,    3.918,   24.192,    0.000,    0.000,    0.663,    4.428,    0.000,    0.000,    0.000,    0.000,    0.000,    0.000, 
 21,   2.885,    5.338,   19.349,    0.000,    0.000,    0.716,    3.319,    0.000,    0.000,    0.000,    0.000,    0.000,    0.000, 
 22,   2.889,    6.052,   12.273,    0.000,    0.000,    1.182,    2.767,    0.000,    0.000,    0.000,    0.001,    0.000,    0.000, 
 23,   2.893,    4.430,   14.969,    0.000,    0.000,    1.032,    4.061,    0.000,    0.000,    0.001,    0.002,    0.000,    0.000, 
 24,   2.897,    4.583,   31.244,    0.000,    0.000,    0.540,    4.789,    0.000,    0.000,    0.000,    0.000,    0.000,    0.000, 
 25,   2.901,    5.999,    8.547,    0.000,    0.000,    1.635,    2.495,    0.000,    0.000,    0.002,    0.003,    0.000,    0.000, 
 26,   2.905,    3.375,   32.468,    0.000,    0.000,    0.496,    6.240,    0.000,    0.000,    0.000,    0.000,    0.000,    0.000, 
 27,   2.909,    3.888,   25.137,    0.000,    0.000,    0.589,    4.871,    0.000,    0.000,    0.000,    0.000,    0.000,    0.000, 
 28,   2.913,    5.463,   16.435,    0.000,    0.000,    0.903,    3.314,    0.000,    0.000,    0.000,    0.000,    0.000,    0.000, 
 29,   2.917,    6.689,    9.081,    0.000,    0.000,    1.590,    2.345,    0.000,    0.000,    0.001,    0.002,    0.000,    0.000, 
 30,   2.921,    7.310,   13.126,    0.000,    0.000,    1.022,    2.154,    0.000,    0.000,    0.000,    0.000,    0.000,    0.000, 
 31,   2.925,    6.011,   13.258,    0.000,    0.000,    1.036,    2.688,    0.000,    0.000,    0.000,    0.000,    0.000,    0.000, 
 32,   2.929,    8.113,    9.959,    0.000,    0.000,    1.298,    1.771,    0.000,    0.000,    0.000,    0.000,    0.000,    0.000, 
 33,   2.933,    5.043,   31.239,    0.000,    0.000,    0.540,    4.348,    0.000,    0.000,    0.000,    0.000,    0.000,    0.000, 
 34,   2.937,    8.022,   13.175,    0.000,    0.000,    1.099,    2.123,    0.000,    0.000,    0.000,    0.000,    0.000,    0.000, 
 35,   2.941,    6.654,   17.169,    0.000,    0.000,    0.894,    2.834,    0.000,    0.000,    0.000,    0.000,    0.000,    0.000, 
 36,   2.945,    6.105,   13.609,    0.000,    0.000,    1.083,    2.860,    0.000,    0.000,    0.000,    0.000,    0.000,    0.000, 
 37,   2.949,    3.642,   22.166,    0.000,    0.000,    0.682,    4.795,    0.000,    0.000,    0.000,    0.000,    0.000,    0.000, 
 38,   2.953,    3.778,   42.188,    0.000,    0.000,    0.467,    7.010,    0.000,    0.000,    0.000,    0.000,    0.000,    0.000, 
 39,   2.957,    5.465,   16.879,    0.000,    0.000,    0.877,    3.324,    0.000,    0.000,    0.000,    0.000,    0.000,    0.000, 
 40,   2.961,    4.528,   19.533,    0.000,    0.000,    0.713,    3.913,    0.000,    0.000,    0.000,    0.000,    0.000,    0.000, 
 41,   2.965,    6.498,   10.945,    0.000,    0.000,    1.219,    2.332,    0.000,    0.000,    0.000,    0.000,    0.000,    0.000, 
 44,   2.977,    6.096,   11.914,    0.000,    0.000,    1.119,    2.525,    0.000,    0.000,    0.000,    0.000,    0.000,    0.000, 
 45,   2.981,    6.563,   14.300,    0.000,    0.000,    0.971,    2.513,    0.000,    0.000,    0.000,    0.000,    0.000,    0.000, 
 46,   2.985,    7.174,   11.725,    0.000,    0.000,    1.307,    2.455,    0.000,    0.000,    0.000,    0.000,    0.000,    0.000, 
 47,   2.989,    5.531,   18.651,    0.000,    0.000,    0.836,    3.496,    0.000,    0.000,    0.000,    0.000,    0.000,    0.000, 
 48,   2.993,    6.241,   16.440,    0.000,    0.000,    0.913,    2.930,    0.000,    0.000,    0.000,    0.000,    0.000,    0.000, 
 49,   2.997,    8.512,   14.067,    0.000,    0.000,    0.945,    1.854,    0.000,    0.000,    0.000,    0.000,    0.000,    0.000, 
 50,   3.001,    7.506,   15.256,    0.000,    0.000,    0.902,    2.200,    0.000,    0.000,    0.000,    0.000,    0.000,    0.000, 
 51,   3.005,   11.778,    7.253,    0.000,    0.000,    1.885,    1.185,    0.000,    0.000,    0.000,    0.000,    0.000,    0.000, 
 52,   3.009,    7.940,   13.453,    0.000,    0.000,    1.024,    2.049,    0.000,    0.000,    0.000,    0.000,    0.000,    0.000, 
 53,   3.013,    8.393,   20.534,    0.000,    0.000,    0.771,    2.359,    0.000,    0.000,    0.000,    0.000,    0.000,    0.000, 
 54,   3.017,    6.519,   11.560,    0.000,    0.000,    1.058,    2.153,    0.000,    0.000,    0.000,    0.000,    0.000,    0.000, 
 55,   3.021,    9.603,    8.941,    0.000,    0.000,    1.593,    1.599,    0.000,    0.000,    0.000,    0.000,    0.000,    0.000, 
 56,   3.025,    5.857,   15.264,    0.000,    0.000,    0.923,    2.905,    0.000,    0.000,    0.000,    0.000,    0.000,    0.000, 
 57,   3.029,    7.634,   11.419,    0.000,    0.000,    1.165,    1.985,    0.000,    0.000,    0.000,    0.000,    0.000,    0.000, 
 58,   3.033,    5.451,   16.279,    0.000,    0.000,    1.001,    3.615,    0.000,    0.000,    0.000,    0.001,    0.000,    0.000, 
 59,   3.037,    6.578,   13.064,    0.000,    0.000,    1.104,    2.578,    0.000,    0.000,    0.000,    0.000,    0.000,    0.000, 
 60,   3.041,    6.233,   15.150,    0.000,    0.000,    0.929,    2.703,    0.000,    0.000,    0.000,    0.000,    0.000,    0.000, 
 61,   3.045,    7.477,   14.985,    0.000,    0.000,    0.876,    2.109,    0.000,    0.000,    0.000,    0.000,    0.000,    0.000, 
 62,   3.049,    8.007,   20.285,    0.000,    0.000,    0.756,    2.372,    0.000,    0.000,    0.000,    0.000,    0.000,    0.000, 
 63,   3.053,    6.139,   29.707,    0.000,    0.000,    0.551,    3.462,    0.000,    0.000,    0.000,    0.000,    0.000,    0.000, 
 64,   3.057,    8.401,   14.946,    0.000,    0.000,    0.931,    1.989,    0.000,    0.000,    0.000,    0.000,    0.000,    0.000, 
 65,   3.061,   10.534,    9.881,    0.000,    0.000,    1.356,    1.405,    0.000,    0.000,    0.000,    0.000,    0.000,    0.000, 
 66,   3.065,   10.316,   11.099,    0.000,    0.000,    1.297,    1.586,    0.000,    0.000,    0.000,    0.000,    0.000,    0.000, 
 67,   3.069,   10.525,   12.207,    0.000,    0.000,    1.165,    1.564,    0.000,    0.000,    0.000,    0.000,    0.000,    0.000, 
 68,   3.073,    7.856,   16.850,    0.000,    0.000,    0.838,    2.195,    0.000,    0.000,    0.000,    0.000,    0.000,    0.000, 
 69,   3.077,    8.472,   13.220,    0.000,    0.000,    1.151,    2.116,    0.000,    0.000,    0.000,    0.000,    0.000,    0.000, 
 70,   3.081,    8.921,   14.136,    0.000,    0.000,    1.050,    1.977,    0.000,    0.000,    0.000,    0.000,    0.000,    0.000, 
 71,   3.085,   10.331,    8.343,    0.000,    0.000,    1.633,    1.400,    0.000,    0.000,    0.000,    0.000,    0.000,    0.000, 
 72,   3.089,    7.618,   14.494,    0.000,    0.000,    1.023,    2.315,    0.000,    0.000,    0.000,    0.000,    0.000,    0.000, 
 73,   3.093,   10.026,   11.914,    0.000,    0.000,    1.222,    1.670,    0.000,    0.000,    0.000,    0.000,    0.000,    0.000, 
 74,   3.097,   10.782,   12.455,    0.000,    0.000,    1.119,    1.503,    0.000,    0.000,    0.000,    0.000,    0.000,    0.000, 
 75,   3.101,   10.959,   12.411,    0.000,    0.000,    1.071,    1.410,    0.000,    0.000,    0.000,    0.000,    0.000,    0.000, 
 77,   3.109,   10.620,   17.093,    0.000,    0.000,    0.797,    1.705,    0.000,    0.000,    0.000,    0.000,    0.000,    0.000, 
 78,   3.113,   12.714,   13.343,    0.000,    0.000,    1.064,    1.314,    0.000,    0.000,    0.000,    0.000,    0.000,    0.000, 
 79,   3.117,   12.565,   11.386,    0.000,    0.000,    1.120,    1.159,    0.000,    0.000,    0.000,    0.000,    0.000,    0.000, 
 80,   3.121,   14.897,    9.995,    0.000,    0.000,    1.293,    0.961,    0.000,    0.000,    0.000,    0.000,    0.000,    0.000, 
 81,   3.125,   12.902,   13.115,    0.000,    0.000,    1.045,    1.247,    0.000,    0.000,    0.000,    0.000,    0.000,    0.000, 
 82,   3.129,   12.184,   13.613,    0.000,    0.000,    1.077,    1.423,    0.000,    0.000,    0.000,    0.000,    0.000,    0.000, 
 83,   3.133,   11.897,   13.402,    0.000,    0.000,    1.076,    1.425,    0.000,    0.000,    0.000,    0.000,    0.000,    0.000, 
 84,   3.137,    8.776,   17.789,    0.000,    0.000,    0.864,    2.152,    0.000,    0.000,    0.000,    0.000,    0.000,    0.000, 
 85,   3.141,   12.090,   12.441,    0.000,    0.000,    1.110,    1.330,    0.000,    0.000,    0.000,    0.000,    0.000,    0.000, 
 86,   3.145,   11.066,   17.679,    0.000,    0.000,    0.833,    1.632,    0.000,    0.000,    0.000,    0.000,    0.000,    0.000, 
 87,   3.149,   12.355,   15.397,    0.000,    0.000,    0.938,    1.411,    0.000,    0.000,    0.000,    0.000,    0.000,    0.000, 
 88,   3.153,   13.584,   13.092,    0.000,    0.000,    1.098,    1.239,    0.000,    0.000,    0.000,    0.000,    0.000,    0.000, 
 89,   3.157,   15.162,   19.840,   -3.639, -96557830468262480.000,    0.929,    2.866,    0.799, 33708296067934952.000,    0.000,    0.000,    0.001,    0.008, 
 90,   3.161,   12.698,   11.465,    0.000,    0.000,    1.340,    1.384,    0.000,    0.000,    0.000,    0.000,    0.000,    0.000, 
 91,   3.165,   15.185,   10.697,    0.000,    0.000,    1.255,    0.997,    0.000,    0.000,    0.000,    0.000,    0.000,    0.000, 
 93,   3.173,   12.806,   17.656,    0.000,    0.000,    0.831,    1.407,    0.000,    0.000,    0.000,    0.000,    0.000,    0.000, 
 94,   3.177,   12.282,   22.786,    0.000,    0.000,    0.774,    1.819,    0.000,    0.000,    0.000,    0.000,    0.000,    0.000, 
 95,   3.181,   14.315,   15.490,    0.000,    0.000,    0.884,    1.154,    0.000,    0.000,    0.000,    0.000,    0.000,    0.000, 
 96,   3.185,   15.206,   16.314,    0.000,    0.000,    0.936,    1.223,    0.000,    0.000,    0.000,    0.000,    0.000,    0.000, 
 97,   3.189,   16.693,   14.101,    0.000,    0.000,    1.005,    1.009,    0.000,    0.000,    0.000,    0.000,    0.000,    0.000, 
 98,   3.193,   18.893,   12.658,    0.000,    0.000,    1.159,    0.906,    0.000,    0.000,    0.000,    0.000,    0.000,    0.000, 
 99,   3.197,   21.030,   11.183,    0.000,    0.000,    1.327,    0.803,    0.000,    0.000,    0.000,    0.000,    0.000,    0.000, 
100,   3.201,   21.235,   13.343,    0.000,    0.000,    1.141,    0.844,    0.000,    0.000,    0.000,    0.000,    0.000,    0.000, 
101,   3.205,   23.359,   12.391,    0.000,    0.000,    1.215,    0.747,    0.000,    0.000,    0.000,    0.000,    0.000,    0.000, 
102,   3.209,   25.637,   13.180,    0.000,    0.000,    1.149,    0.693,    0.000,    0.000,    0.000,    0.000,    0.000,    0.000, 
103,   3.213,   29.397,   13.353,    0.000,    0.000,    1.134,    0.606,    0.000,    0.000,    0.000,    0.000,    0.000,    0.000, 
104,   3.217,   41.466,   22.222,  -12.739,   78.213,    4.616,    2.550,    5.132,   19.452,    0.000,    0.000,    0.016,    0.001, 
105,   3.221,   37.268,   20.899,   -9.641,   89.734,    3.047,    2.236,    3.507,   24.103,    0.000,    0.000,    0.010,    0.002, 
107,   3.229,   25.526,   18.545,   -5.207,   87.662,    2.064,    2.309,    2.427,   31.834,    0.000,    0.000,    0.027,    0.010, 
108,   3.233,   20.525,   13.550,    0.000,    0.000,    1.085,    0.846,    0.000,    0.000,    0.000,    0.000,    0.000,    0.000, 
109,   3.237,   15.377,   18.253,    0.000,    0.000,    0.844,    1.238,    0.000,    0.000,    0.000,    0.000,    0.000,    0.000, 
110,   3.241,   17.624,   16.078,    0.000,    0.000,    0.943,    1.044,    0.000,    0.000,    0.000,    0.000,    0.000,    0.000, 
111,   3.245,   17.707,   15.931,    0.000,    0.000,    0.904,    0.984,    0.000,    0.000,    0.000,    0.000,    0.000,    0.000, 
112,   3.249,   12.930,   19.467,    0.000,    0.000,    0.740,    1.375,    0.000,    0.000,    0.000,    0.000,    0.000,    0.000, 
113,   3.253,   13.654,   15.374,    0.000,    0.000,    0.981,    1.329,    0.000,    0.000,    0.000,    0.000,    0.000,    0.000, 
114,   3.257,   15.305,   13.972,    0.000,    0.000,    1.025,    1.108,    0.000,    0.000,    0.000,    0.000,    0.000,    0.000, 
116,   3.265,   10.630,   21.131,    0.000,    0.000,    0.725,    1.814,    0.000,    0.000,    0.000,    0.000,    0.000,    0.000, 
117,   3.269,   11.461,   24.798,    0.000,    0.000,    0.653,    1.812,    0.000,    0.000,    0.000,    0.000,    0.000,    0.000, 
118,   3.273,   12.900,   21.056,    0.000,    0.000,    0.670,    1.373,    0.000,    0.000,    0.000,    0.000,    0.000,    0.000, 
119,   3.277,   11.849,   18.289,    0.000,    0.000,    0.829,    1.531,    0.000,    0.000,    0.000,    0.000,    0.000,    0.000, 
120,   3.281,   12.172,   17.240,    0.000,    0.000,    0.900,    1.559,    0.000,    0.000,    0.000,    0.000,    0.000,    0.000, 
121,   3.285,   11.962,   19.452,    0.000,    0.000,    0.759,    1.540,    0.000,    0.000,    0.000,    0.000,    0.000,    0.000, 
122,   3.289,   10.963,   17.987,    0.000,    0.000,    0.810,    1.642,    0.000,    0.000,    0.000,    0.000,    0.000,    0.000, 
123,   3.293,   10.842,   19.189,    0.000,    0.000,    0.809,    1.777,    0.000,    0.000,    0.000,    0.000,    0.000,    0.000, 
124,   3.297,   12.437,   16.186,    0.000,    0.000,    0.989,    1.561,    0.000,    0.000,    0.000,    0.000,    0.000,    0.000, 
125,   3.301,   13.800,   20.059,    0.000,    0.000,    0.855,    1.553,    0.000,    0.000,    0.000,    0.000,    0.000,    0.000, 
126,   3.305,   12.437,   21.168,    0.000,    0.000,    0.696,    1.492,    0.000,    0.000,    0.000,    0.000,    0.000,    0.000, 
128,   3.313,   12.646,   17.881,    0.000,    0.000,    0.884,    1.542,    0.000,    0.000,    0.000,    0.000,    0.000,    0.000, 
129,   3.317,   13.880,   20.942,    0.000,    0.000,    0.794,    1.503,    0.000,    0.000,    0.000,    0.000,    0.000,    0.000, 
130,   3.321,   15.077,   17.539,    0.000,    0.000,    0.962,    1.377,    0.000,    0.000,    0.000,    0.000,    0.000,    0.000, 
131,   3.325,   16.217,   17.141,    0.000,    0.000,    0.879,    1.139,    0.000,    0.000,    0.000,    0.000,    0.000,    0.000, 
132,   3.329,   20.628,   33.401,   -5.482, -357699676012782.125,    1.941,    6.073,    2.316, 185014194892227.719,    0.000,    0.000,    0.019,    0.038, 
133,   3.333,   18.548,   18.825,    0.000,    0.000,    0.780,    0.982,    0.000,    0.000,    0.000,    0.000,    0.000,    0.000, 
134,   3.337,   18.837,   18.346,   -0.068,  -28.533,    3.931,    4.184,    0.027,    1.706,    0.000,    0.001,    0.016,    0.000, 
135,   3.341,   22.668,   18.533,    0.000,    0.000,    0.907,    0.916,    0.000,    0.000,    0.000,    0.000,    0.000,    0.000, 
136,   3.345,   31.578,   30.098,   -6.549, -122114678919419.891,    1.642,    3.363,    1.970, 51674514695036.555,    0.000,    0.000,    0.004,    0.019, 
137,   3.349,   31.831,   18.230,    0.000,    0.000,    0.931,    0.658,    0.000,    0.000,    0.000,    0.000,    0.000,    0.000, 
138,   3.353,   36.877,   18.210,    0.000,    0.000,    0.887,    0.541,    0.000,    0.000,    0.000,    0.000,    0.000,    0.000, 
139,   3.357,   43.202,   18.089,    0.000,    0.000,    0.909,    0.470,    0.000,    0.000,    0.000,    0.000,    0.000,    0.000, 
140,   3.361,   46.955,   18.701,    0.000,    0.000,    1.004,    0.495,    0.000,    0.000,    0.000,    0.000,    0.000,    0.000, 
141,   3.365,   47.108,   18.088,    0.000,    0.000,    1.003,    0.475,    0.000,    0.000,    0.000,    0.000,    0.000,    0.000, 
142,   3.369,   39.782,   17.299,    0.000,    0.000,    1.081,    0.576,    0.000,    0.000,    0.000,    0.000,    0.000,    0.000, 
143,   3.373,   24.933,   18.545,    0.000,    0.000,    0.851,    0.784,    0.000,    0.000,    0.000,    0.000,    0.000,    0.000, 
144,   3.377,   11.414,   14.804,    0.000,    0.000,    0.942,    1.465,    0.000,    0.000,    0.000,    0.000,    0.000,    0.000, 
145,   3.381,   -3.106,   19.948,    0.000,    0.000,    0.731,    5.882,    0.000,    0.000,    0.001,    0.003,    0.000,    0.000, 
146,   3.385,  -12.771,   21.680,    0.000,    0.000,    0.739,    1.583,    0.000,    0.000,    0.000,    0.000,    0.000,    0.000, 
147,   3.389,  -21.404,   18.372,    0.000,    0.000,    0.838,    0.889,    0.000,    0.000,    0.000,    0.000,    0.000,    0.000, 
148,   3.393,  -31.540,   15.935,    0.000,    0.000,    1.013,    0.620,    0.000,    0.000,    0.000,    0.000,    0.000,    0.000, 
149,   3.397,  -37.173,   15.481,    0.000,    0.000,    1.052,    0.528,    0.000,    0.000,    0.000,    0.000,    0.000,    0.000, 
150,   3.401,  -49.214,   23.575,   12.474,   67.615,    6.204,    2.323,    6.653,   18.064,    0.000,    0.000,    0.042,    0.002, 
151,   3.405,  -37.227,   15.280,    0.000,    0.000,    0.931,    0.459,    0.000,    0.000,    0.000,    0.000,    0.000,    0.000, 
152,   3.409,  -34.912,   21.061,    4.960,  110.357,    1.987,    1.837,    2.330,   46.376,    0.000,    0.000,    0.028,    0.019, 
153,   3.413,  -31.970,   20.645,    3.823, -1799147405788.076,    0.943,    1.447,    0.852, 679601310971.965,    0.000,    0.000,    0.001,    0.012, 
154,   3.417,  -31.192,   12.745,    0.000,    0.000,    1.330,    0.633,    0.000,    0.000,    0.000,    0.000,    0.000,    0.000, 
155,   3.421,  -30.948,   14.065,    0.000,    0.000,    1.196,    0.646,    0.000,    0.000,    0.000,    0.000,    0.000,    0.000, 
156,   3.425,  -32.624,   13.508,    0.000,    0.000,    1.271,    0.620,    0.000,    0.000,    0.000,    0.000,    0.000,    0.000, 
157,   3.429,  -32.669,   14.552,    0.000,    0.000,    1.116,    0.593,    0.000,    0.000,    0.000,    0.000,    0.000,    0.000, 
158,   3.433,  -32.570,   15.289,    0.000,    0.000,    1.022,    0.578,    0.000,    0.000,    0.000,    0.000,    0.000,    0.000, 
159,   3.437,  -31.630,   15.671,    0.000,    0.000,    1.049,    0.628,    0.000,    0.000,    0.000,    0.000,    0.000,    0.000, 
160,   3.441,  -31.175,   15.362,    0.000,    0.000,    1.103,    0.654,    0.000,    0.000,    0.000,    0.000,    0.000,    0.000, 
161,   3.445,  -31.731,   14.626,    0.000,    0.000,    1.268,    0.698,    0.000,    0.000,    0.000,    0.000,    0.000,    0.000, 
162,   3.449,  -33.155,   15.709,    0.000,    0.000,    1.025,    0.587,    0.000,    0.000,    0.000,    0.000,    0.000,    0.000, 
163,   3.453,  -30.676,   18.344,    0.000,    0.000,    0.802,    0.593,    0.000,    0.000,    0.000,    0.000,    0.000,    0.000, 
164,   3.457,  -31.383,   16.871,    0.000,    0.000,    0.799,    0.524,    0.000,    0.000,    0.000,    0.000,    0.000,    0.000, 
165,   3.461,  -29.880,   16.983,    0.000,    0.000,    0.827,    0.575,    0.000,    0.000,    0.000,    0.000,    0.000,    0.000, 
166,   3.465,  -32.764,   16.089,    0.000,    0.000,    0.997,    0.594,    0.000,    0.000,    0.000,    0.000,    0.000,    0.000, 
167,   3.469,  -35.174,   15.898,    0.000,    0.000,    1.299,    0.710,    0.000,    0.000,    0.000,    0.000,    0.000,    0.000, 
168,   3.473,  -35.962,   15.661,    0.000,    0.000,    1.124,    0.592,    0.000,    0.000,    0.000,    0.000,    0.000,    0.000, 
169,   3.477,  -33.946,   15.955,    0.000,    0.000,    1.173,    0.667,    0.000,    0.000,    0.000,    0.000,    0.000,    0.000, 
170,   3.481,  -34.660,   15.312,    0.000,    0.000,    1.225,    0.651,    0.000,    0.000,    0.000,    0.000,    0.000,    0.000, 
171,   3.485,  -32.892,   17.164,    0.000,    0.000,    1.062,    0.679,    0.000,    0.000,    0.000,    0.000,    0.000,    0.000, 
172,   3.489,  -35.368,   17.366,    0.000,    0.000,    1.030,    0.621,    0.000,    0.000,    0.000,    0.000,    0.000,    0.000, 
173,   3.493,  -36.758,   16.951,    0.000,    0.000,    0.997,    0.562,    0.000,    0.000,    0.000,    0.000,    0.000,    0.000, 
174,   3.497,  -36.886,   16.503,    0.000,    0.000,    1.013,    0.551,    0.000,    0.000,    0.000,    0.000,    0.000,    0.000, 
175,   3.501,  -36.451,   16.696,    0.000,    0.000,    1.025,    0.572,    0.000,    0.000,    0.000,    0.000,    0.000,    0.000, 
176,   3.505,  -35.712,   16.215,    0.000,    0.000,    1.030,    0.568,    0.000,    0.000,    0.000,    0.000,    0.000,    0.000, 
177,   3.509,  -34.245,   16.788,    0.000,    0.000,    0.980,    0.586,    0.000,    0.000,    0.000,    0.000,    0.000,    0.000, 
178,   3.513,  -33.780,   15.718,    0.000,    0.000,    1.097,    0.616,    0.000,    0.000,    0.000,    0.000,    0.000,    0.000, 
179,   3.517,  -36.395,   15.776,    0.000,    0.000,    1.114,    0.583,    0.000,    0.000,    0.000,    0.000,    0.000,    0.000, 
180,   3.521,  -34.658,   15.703,    0.000,    0.000,    1.154,    0.631,    0.000,    0.000,    0.000,    0.000,    0.000,    0.000, 
181,   3.525,  -32.350,   17.086,    0.000,    0.000,    1.023,    0.661,    0.000,    0.000,    0.000,    0.000,    0.000,    0.000, 
183,   3.533,  -33.964,   16.059,    0.000,    0.000,    1.223,    0.702,    0.000,    0.000,    0.000,    0.000,    0.000,    0.000, 
184,   3.537,  -33.719,   16.000,    0.000,    0.000,    1.191,    0.685,    0.000,    0.000,    0.000,    0.000,    0.000,    0.000, 
185,   3.541,  -33.512,   16.301,    0.000,    0.000,    0.980,    0.580,    0.000,    0.000,    0.000,    0.000,    0.000,    0.000, 
186,   3.545,  -34.003,   15.024,    0.000,    0.000,    1.128,    0.598,    0.000,    0.000,    0.000,    0.000,    0.000,    0.000, 
187,   3.549,  -33.482,   15.996,    0.000,    0.000,    0.976,    0.566,    0.000,    0.000,    0.000,    0.000,    0.000,    0.000, 
188,   3.553,  -31.668,   16.168,    0.000,    0.000,    1.080,    0.669,    0.000,    0.000,    0.000,    0.000,    0.000,    0.000, 
189,   3.557,  -33.895,   22.781,    3.881, -20677031144524388751799184638306647274384564102584198078503028712230031982592.000,    0.920,    1.518,    0.951, 11700836877373145705746058646196663274225741692672327876590356041921581809664.000,    0.000,    0.000,    0.001,    0.050, 
190,   3.561,  -33.804,   22.900,    3.600, -937057888.253,    0.915,    1.523,    0.951, 478171934.246,    0.000,    0.000,    0.002,    0.037, 
191,   3.565,  -32.764,   16.712,    0.000,    0.000,    0.991,    0.617,    0.000,    0.000,    0.000,    0.000,    0.000,    0.000, 
192,   3.569,  -35.211,   16.588,    0.000,    0.000,    1.081,    0.621,    0.000,    0.000,    0.000,    0.000,    0.000,    0.000, 
193,   3.573,  -34.225,   16.836,    0.000,    0.000,    1.009,    0.607,    0.000,    0.000,    0.000,    0.000,    0.000,    0.000, 
194,   3.577,  -32.863,   16.190,    0.000,    0.000,    1.015,    0.607,    0.000,    0.000,    0.000,    0.000,    0.000,    0.000, 
195,   3.581,  -30.705,   17.279,    0.000,    0.000,    1.072,    0.739,    0.000,    0.000,    0.000,    0.000,    0.000,    0.000, 
197,   3.589,  -31.645,   16.623,    0.000,    0.000,    1.111,    0.711,    0.000,    0.000,    0.000,    0.000,    0.000,    0.000, 
198,   3.593,  -35.104,   16.081,    0.000,    0.000,    0.915,    0.508,    0.000,    0.000,    0.000,    0.000,    0.000,    0.000, 
199,   3.597,  -33.583,   17.425,    0.000,    0.000,    0.979,    0.623,    0.000,    0.000,    0.000,    0.000,    0.000,    0.000, 
200,   3.601,  -34.141,   16.996,    0.000,    0.000,    1.057,    0.644,    0.000,    0.000,    0.000,    0.000,    0.000,    0.000, 
201,   3.605,  -33.508,   16.932,    0.000,    0.000,    1.041,    0.643,    0.000,    0.000,    0.000,    0.000,    0.000,    0.000, 
202,   3.609,  -36.063,   16.079,    0.000,    0.000,    1.099,    0.594,    0.000,    0.000,    0.000,    0.000,    0.000,    0.000, 
203,   3.613,  -35.306,   16.413,    0.000,    0.000,    1.029,    0.582,    0.000,    0.000,    0.000,    0.000,    0.000,    0.000, 
204,   3.617,  -34.866,   17.126,    0.000,    0.000,    0.995,    0.598,    0.000,    0.000,    0.000,    0.000,    0.000,    0.000, 
205,   3.621,  -35.534,   16.765,    0.000,    0.000,    1.052,    0.606,    0.000,    0.000,    0.000,    0.000,    0.000,    0.000, 
206,   3.625,  -35.044,   17.303,    0.000,    0.000,    1.047,    0.634,    0.000,    0.000,    0.000,    0.000,    0.000,    0.000, 
207,   3.629,  -39.185,   22.479,    4.612, -1206235636047286.000,    1.142,    1.607,    1.164, 436640388289468.375,    0.000,    0.000,    0.001,    0.010, 
208,   3.633,  -35.545,   17.288,    0.000,    0.000,    0.996,    0.594,    0.000,    0.000,    0.000,    0.000,    0.000,    0.000, 
209,   3.637,  -35.797,   16.220,    0.000,    0.000,    1.152,    0.634,    0.000,    0.000,    0.000,    0.000,    0.000,    0.000, 
210,   3.641,  -35.266,   16.832,    0.000,    0.000,    1.051,    0.613,    0.000,    0.000,    0.000,    0.000,    0.000,    0.000, 
211,   3.645,  -35.379,   17.502,    0.000,    0.000,    1.025,    0.622,    0.000,    0.000,    0.000,    0.000,    0.000,    0.000, 
212,   3.649,  -39.264,   23.171,    5.339, -41707155902859.461,    1.179,    1.710,    1.242, 14392343804809.242,    0.000,    0.000,    0.001,    0.008, 
213,   3.653,  -34.800,   16.706,    0.000,    0.000,    0.976,    0.572,    0.000,    0.000,    0.000,    0.000,    0.000,    0.000, 
214,   3.657,  -34.999,   16.400,    0.000,    0.000,    1.043,    0.594,    0.000,    0.000,    0.000,    0.000,    0.000,    0.000, 
215,   3.661,  -34.118,   16.706,    0.000,    0.000,    0.923,    0.551,    0.000,    0.000,    0.000,    0.000,    0.000,    0.000, 
216,   3.665,  -34.011,   17.353,    0.000,    0.000,    0.934,    0.584,    0.000,    0.000,    0.000,    0.000,    0.000,    0.000, 
217,   3.669,  -34.275,   17.816,    0.000,    0.000,    0.949,    0.607,    0.000,    0.000,    0.000,    0.000,    0.000,    0.000, 
218,   3.673,  -34.513,   16.800,    0.000,    0.000,    0.978,    0.581,    0.000,    0.000,    0.000,    0.000,    0.000,    0.000, 
219,   3.677,  -34.040,   16.264,    0.000,    0.000,    0.984,    0.571,    0.000,    0.000,    0.000,    0.000,    0.000,    0.000, 
220,   3.681,  -34.588,   17.375,    0.000,    0.000,    0.852,    0.524,    0.000,    0.000,    0.000,    0.000,    0.000,    0.000, 
221,   3.685,  -34.064,   16.780,    0.000,    0.000,    0.972,    0.585,    0.000,    0.000,    0.000,    0.000,    0.000,    0.000, 
222,   3.689,  -33.171,   16.136,    0.000,    0.000,    1.087,    0.642,    0.000,    0.000,    0.000,    0.000,    0.000,    0.000, 
223,   3.693,  -32.836,   15.050,    0.000,    0.000,    1.185,    0.653,    0.000,    0.000,    0.000,    0.000,    0.000,    0.000, 
224,   3.697,  -34.655,   14.980,    0.000,    0.000,    1.108,    0.574,    0.000,    0.000,    0.000,    0.000,    0.000,    0.000, 
225,   3.701,  -34.606,   15.036,    0.000,    0.000,    1.175,    0.612,    0.000,    0.000,    0.000,    0.000,    0.000,    0.000, 
226,   3.705,  -33.301,   15.753,    0.000,    0.000,    1.032,    0.590,    0.000,    0.000,    0.000,    0.000,    0.000,    0.000, 
227,   3.709,  -33.065,   15.059,    0.000,    0.000,    1.008,    0.552,    0.000,    0.000,    0.000,    0.000,    0.000,    0.000, 
228,   3.713,  -32.548,   15.544,    0.000,    0.000,    0.944,    0.544,    0.000,    0.000,    0.000,    0.000,    0.000,    0.000, 
229,   3.717,  -31.773,   15.800,    0.000,    0.000,    0.944,    0.567,    0.000,    0.000,    0.000,    0.000,    0.000,    0.000, 
230,   3.721,  -30.099,   15.253,    0.000,    0.000,    1.074,    0.654,    0.000,    0.000,    0.000,    0.000,    0.000,    0.000, 
231,   3.725,  -32.157,   20.545,    3.490, -118341090802865824333824.000,    1.035,    1.573,    0.931, 40757391389751867604992.000,    0.000,    0.000,    0.002,    0.008, 
232,   3.729,  -33.395,   15.221,    0.000,    0.000,    1.009,    0.552,    0.000,    0.000,    0.000,    0.000,    0.000,    0.000, 
233,   3.733,  -37.317,   16.117,    0.000,    0.000,    0.956,    0.501,    0.000,    0.000,    0.000,    0.000,    0.000,    0.000, 
234,   3.737,  -42.716,   16.912,    0.000,    0.000,    1.007,    0.487,    0.000,    0.000,    0.000,    0.000,    0.000,    0.000, 
235,   3.741,  -41.238,   16.757,    0.000,    0.000,    0.894,    0.443,    0.000,    0.000,    0.000,    0.000,    0.000,    0.000, 
236,   3.745,  -36.903,   17.772,    0.000,    0.000,    0.794,    0.471,    0.000,    0.000,    0.000,    0.000,    0.000,    0.000, 
237,   3.749,  -33.916,   17.445,    0.000,    0.000,    0.873,    0.551,    0.000,    0.000,    0.000,    0.000,    0.000,    0.000, 
238,   3.753,  -29.829,   16.736,    0.000,    0.000,    0.903,    0.618,    0.000,    0.000,    0.000,    0.000,    0.000,    0.000, 
239,   3.757,  -19.602,   17.983,    0.000,    0.000,    0.857,    0.970,    0.000,    0.000,    0.000,    0.000,    0.000,    0.000, 
240,   3.761,  -10.149,   27.052,    0.000,    0.000,    0.659,    2.262,    0.000,    0.000,    0.000,    0.000,    0.000,    0.000, 
242,   3.769,   20.915,   37.214,   -8.164, -2915910310261847552.000,    3.246,    9.895,    3.795, 1546362092215838464.000,    0.000,    0.002,    0.027,    0.041, 
243,   3.773,   33.490,   15.222,    0.000,    0.000,    1.084,    0.593,    0.000,    0.000,    0.000,    0.000,    0.000,    0.000, 
244,   3.777,   41.130,   16.986,    0.000,    0.000,    1.145,    0.578,    0.000,    0.000,    0.000,    0.000,    0.000,    0.000, 
245,   3.781,   53.652,   28.964,  -11.812, -145791454686686.406,    2.409,    2.891,    2.880, 47255117104294.188,    0.000,    0.000,    0.001,    0.006, 
246,   3.785,   46.364,   16.619,    0.000,    0.000,    1.168,    0.510,    0.000,    0.000,    0.000,    0.000,    0.000,    0.000, 
247,   3.789,   41.264,   16.179,    0.000,    0.000,    1.116,    0.531,    0.000,    0.000,    0.000,    0.000,    0.000,    0.000, 
248,   3.793,   37.047,   29.669,   -7.670, -1435211276311447808.000,    1.774,    3.092,    2.126, 567288208640341824.000,    0.000,    0.000,    0.002,    0.015, 
249,   3.797,   33.496,   39.363,  -11.778, -339933891785724544.000,    4.697,    8.874,    5.418, 181435203097940224.000,    0.000,    0.001,    0.026,    0.042, 
250,   3.801,   21.770,   18.328,    0.000,    0.000,    0.983,    1.024,    0.000,    0.000,    0.000,    0.000,    0.000,    0.000, 
251,   3.805,   17.953,   18.602,    0.000,    0.000,    0.919,    1.178,    0.000,    0.000,    0.000,    0.000,    0.000,    0.000, 
252,   3.809,   16.093,   19.424,    0.000,    0.000,    0.943,    1.416,    0.000,    0.000,    0.000,    0.000,    0.000,    0.000, 
253,   3.813,   13.097,   19.826,    0.000,    0.000,    0.850,    1.608,    0.000,    0.000,    0.000,    0.000,    0.000,    0.000, 
254,   3.817,   13.313,   20.764,    0.000,    0.000,    0.784,    1.532,    0.000,    0.000,    0.000,    0.000,    0.000,    0.000, 
255,   3.821,   10.780,   21.943,    0.000,    0.000,    0.695,    1.784,    0.000,    0.000,    0.000,    0.000,    0.000,    0.000, 
256,   3.825,   10.928,   18.692,    0.000,    0.000,    0.835,    1.765,    0.000,    0.000,    0.000,    0.000,    0.000,    0.000, 
257,   3.829,   10.048,   21.031,    0.000,    0.000,    0.789,    2.071,    0.000,    0.000,    0.000,    0.000,    0.000,    0.000, 
258,   3.833,   10.092,   23.972,    0.000,    0.000,    0.706,    2.134,    0.000,    0.000,    0.000,    0.000,    0.000,    0.000, 
259,   3.837,   11.689,   18.017,    0.000,    0.000,    0.851,    1.613,    0.000,    0.000,    0.000,    0.000,    0.000,    0.000, 
260,   3.841,    9.086,   13.264,    0.000,    0.000,    1.207,    2.075,    0.000,    0.000,    0.000,    0.000,    0.000,    0.000, 
261,   3.845,    9.465,   13.165,    0.000,    0.000,    1.218,    1.985,    0.000,    0.000,    0.000,    0.000,    0.000,    0.000, 
262,   3.849,   10.335,   15.245,    0.000,    0.000,    0.981,    1.745,    0.000,    0.000,    0.000,    0.000,    0.000,    0.000, 
264,   3.857,    7.221,   25.561,   -0.101,  -34.955,    1.849,    9.134,    0.039,    2.282,    0.001,    0.009,    0.013,    0.000, 
265,   3.861,   10.389,   15.030,    0.000,    0.000,    1.012,    1.760,    0.000,    0.000,    0.000,    0.000,    0.000,    0.000, 
266,   3.865,    9.187,   17.191,    0.000,    0.000,    0.924,    2.123,    0.000,    0.000,    0.000,    0.000,    0.000,    0.000, 
267,   3.869,    9.569,   15.535,    0.000,    0.000,    1.074,    2.109,    0.000,    0.000,    0.000,    0.000,    0.000,    0.000, 
268,   3.873,    9.292,   15.815,    0.000,    0.000,    0.955,    1.972,    0.000,    0.000,    0.000,    0.000,    0.000,    0.000, 
269,   3.877,    8.503,   16.800,    0.000,    0.000,    0.922,    2.232,    0.000,    0.000,    0.000,    0.000,    0.000,    0.000, 
270,   3.881,    8.255,   17.244,    0.000,    0.000,    0.974,    2.484,    0.000,    0.000,    0.000,    0.000,    0.000,    0.000, 
271,   3.885,   10.809,   13.651,    0.000,    0.000,    1.102,    1.640,    0.000,    0.000,    0.000,    0.000,    0.000,    0.000, 
272,   3.889,    9.424,   14.838,    0.000,    0.000,    1.182,    2.223,    0.000,    0.000,    0.000,    0.000,    0.000,    0.000, 
276,   3.905,   17.490,   12.307,    0.000,    0.000,    1.541,    1.256,    0.000,    0.000,    0.000,    0.000,    0.000,    0.000, 
277,   3.909,   11.481,   16.344,    0.000,    0.000,    0.992,    1.713,    0.000,    0.000,    0.000,    0.000,    0.000,    0.000, 
278,   3.913,   10.441,   15.671,    0.000,    0.000,    1.062,    1.928,    0.000,    0.000,    0.000,    0.000,    0.000,    0.000, 
279,   3.917,   11.355,   13.421,    0.000,    0.000,    1.068,    1.491,    0.000,    0.000,    0.000,    0.000,    0.000,    0.000, 
280,   3.921,    8.354,   14.756,    0.000,    0.000,    1.045,    2.202,    0.000,    0.000,    0.000,    0.000,    0.000,    0.000, 
281,   3.925,    8.809,   13.739,    0.000,    0.000,    1.231,    2.264,    0.000,    0.000,    0.000,    0.000,    0.000,    0.000, 
282,   3.929,    9.018,   14.343,    0.000,    0.000,    1.083,    2.046,    0.000,    0.000,    0.000,    0.000,    0.000,    0.000, 
283,   3.933,   10.295,   13.600,    0.000,    0.000,    1.196,    1.860,    0.000,    0.000,    0.000,    0.000,    0.000,    0.000, 
284,   3.937,   11.735,   12.682,    0.000,    0.000,    1.135,    1.429,    0.000,    0.000,    0.000,    0.000,    0.000,    0.000, 
285,   3.941,   11.463,   13.766,    0.000,    0.000,    1.133,    1.613,    0.000,    0.000,    0.000,    0.000,    0.000,    0.000, 
286,   3.945,   12.923,   12.343,    0.000,    0.000,    1.474,    1.635,    0.000,    0.000,    0.000,    0.000,    0.000,    0.000, 
287,   3.949,   15.737,   11.845,    0.000,    0.000,    1.504,    1.304,    0.000,    0.000,    0.000,    0.000,    0.000,    0.000, 
288,   3.953,   17.815,   11.692,    0.000,    0.000,    1.453,    1.093,    0.000,    0.000,    0.000,    0.000,    0.000,    0.000, 
289,   3.957,   19.475,   12.286,    0.000,    0.000,    1.461,    1.069,    0.000,    0.000,    0.000,    0.000,    0.000,    0.000, 
290,   3.961,   31.136,   21.984,   -9.380,   84.803,    3.385,    2.730,    3.817,   23.331,    0.000,    0.000,    0.016,    0.002, 
291,   3.965,   25.967,   12.434,    0.000,    0.000,    1.316,    0.731,    0.000,    0.000,    0.000,    0.000,    0.000,    0.000, 
292,   3.969,   28.020,    8.729,    0.000,    0.000,    1.086,    0.862,    0.000,    0.000,    0.000,    0.000,    0.000,    0.000, 
293,   3.973,   28.843,   10.953,    0.000,    0.000,    1.516,    0.651,    0.000,    0.000,    0.000,    0.000,    0.000,    0.000, 
294,   3.977,   24.250,   10.652,    0.000,    0.000,    1.627,    0.805,    0.000,    0.000,    0.000,    0.000,    0.000,    0.000, 
295,   3.981,   20.041,   11.739,    0.000,    0.000,    1.332,    0.896,    0.000,    0.000,    0.000,    0.000,    0.000,    0.000, 
296,   3.985,   18.361,   23.180,   -4.085, -4738342165877344256.000,    1.034,    3.206,    1.089, 2243209121239279360.000,    0.000,    0.000,    0.002,    0.029, 
297,   3.989,   18.519,   10.962,    0.000,    0.000,    1.446,    0.970,    0.000,    0.000,    0.000,    0.000,    0.000,    0.000, 
298,   3.993,   17.815,    9.747,    0.000,    0.000,    1.604,    0.966,    0.000,    0.000,    0.000,    0.000,    0.000,    0.000, 
299,   3.997,   16.367,   23.831,   -4.622, -4742604975609.432,    1.012,    3.612,    1.094, 2109995693809.680,    0.000,    0.000,    0.001,    0.023, 
300,   4.001,   14.597,   10.738,    0.000,    0.000,    1.537,    1.276,    0.000,    0.000,    0.000,    0.000,    0.000,    0.000, 
301,   4.005,   13.798,   10.413,    0.000,    0.000,    1.376,    1.162,    0.000,    0.000,    0.000,    0.000,    0.000,    0.000, 
302,   4.009,   12.938,   11.000,    0.000,    0.000,    1.507,    1.454,    0.000,    0.000,    0.000,    0.000,    0.000,    0.000, 
303,   4.013,   12.487,   10.567,    0.000,    0.000,    1.567,    1.487,    0.000,    0.000,    0.000,    0.000,    0.000,    0.000, 
304,   4.017,   11.866,   11.044,    0.000,    0.000,    1.389,    1.464,    0.000,    0.000,    0.000,    0.000,    0.000,    0.000, 
305,   4.021,   10.974,   11.334,    0.000,    0.000,    1.389,    1.633,    0.000,    0.000,    0.000,    0.000,    0.000,    0.000, 
308,   4.033,    9.964,    9.703,    0.000,    0.000,    1.589,    1.709,    0.000,    0.000,    0.000,    0.000,    0.000,    0.000, 
309,   4.037,   11.304,   22.438,   -3.344, -2774224912512.024,    0.918,    4.471,    0.934, 1454626314923.818,    0.000,    0.000,    0.003,    0.040, 
310,   4.041,    8.704,   14.027,    0.000,    0.000,    1.018,    1.940,    0.000,    0.000,    0.000,    0.000,    0.000,    0.000, 
311,   4.045,   10.761,   11.220,    0.000,    0.000,    1.226,    1.457,    0.000,    0.000,    0.000,    0.000,    0.000,    0.000, 
312,   4.049,   10.659,   10.324,    0.000,    0.000,    1.464,    1.585,    0.000,    0.000,    0.000,    0.000,    0.000,    0.000, 
313,   4.053,   12.577,    7.311,    0.000,    0.000,    2.043,    1.213,    0.000,    0.000,    0.000,    0.000,    0.000,    0.000, 
314,   4.057,   12.560,   11.401,    0.000,    0.000,    1.387,    1.436,    0.000,    0.000,    0.000,    0.000,    0.000,    0.000, 
315,   4.061,    8.407,   12.784,    0.000,    0.000,    1.263,    2.235,    0.000,    0.000,    0.000,    0.000,    0.000,    0.000, 
316,   4.065,    9.110,   10.645,    0.000,    0.000,    1.479,    1.949,    0.000,    0.000,    0.000,    0.000,    0.000,    0.000, 
317,   4.069,   10.353,    9.557,    0.000,    0.000,    1.497,    1.515,    0.000,    0.000,    0.000,    0.000,    0.000,    0.000, 
318,   4.073,    7.630,    9.585,    0.000,    0.000,    1.475,    2.033,    0.000,    0.000,    0.000,    0.000,    0.000,    0.000, 
319,   4.077,    7.215,    9.034,    0.000,    0.000,    1.644,    2.221,    0.000,    0.000,    0.001,    0.001,    0.000,    0.000, 
321,   4.085,    8.913,   10.962,    0.000,    0.000,    1.287,    1.797,    0.000,    0.000,    0.000,    0.000,    0.000,    0.000, 
322,   4.089,    8.121,    8.887,    0.000,    0.000,    1.819,    2.152,    0.000,    0.000,    0.001,    0.001,    0.000,    0.000, 
324,   4.097,    8.499,    7.356,    0.000,    0.000,    1.184,    2.037,    0.000,    0.000,    0.000,    0.002,    0.000,    0.000, 
325,   4.101,    9.262,    7.848,    0.000,    0.000,    2.003,    1.766,    0.000,    0.000,    0.000,    0.001,    0.000,    0.000, 
326,   4.105,    8.082,    9.085,    0.000,    0.000,    1.773,    2.166,    0.000,    0.000,    0.001,    0.001,    0.000,    0.000, 
327,   4.109,    5.386,    9.211,    0.000,    0.000,    1.751,    3.242,    0.000,    0.000,    0.006,    0.009,    0.000,    0.000, 
328,   4.113,    7.104,    9.205,    0.000,    0.000,    1.709,    2.404,    0.000,    0.000,    0.001,    0.002,    0.000,    0.000, 
331,   4.125,    8.375,    7.271,    0.000,    0.000,    2.072,    1.837,    0.000,    0.000,    0.001,    0.001,    0.000,    0.000, 
332,   4.129,   10.760,    5.754,    0.000,    0.000,    2.782,    1.404,    0.000,    0.000,    0.002,    0.001,    0.000,    0.000, 
338,   4.153,    6.528,    5.315,    0.000,    0.000,    3.247,    2.415,    0.000,    0.000,    0.034,    0.025,    0.000,    0.000, 
339,   4.157,    6.823,   13.243,    0.000,    0.000,    1.048,    2.396,    0.000,    0.000,    0.000,    0.000,    0.000,    0.000, 
340,   4.161,    7.694,    9.920,    0.000,    0.000,    1.527,    2.187,    0.000,    0.000,    0.000,    0.001,    0.000,    0.000, 
345,   4.181,    7.327,    4.479,    0.000,    0.000,    3.921,    2.044,    0.000,    0.000,    0.043,    0.025,    0.000,    0.000, 
